# BEGIN PLOT
DrawOnly=/nfs/dust/cms/user/shwillia/BTV/Dec14/QCD_Pt-50to80_Tune4C_8TeV_pythia8/BTAG_JET_TRACK_SEL.yoda/BTAG_JET_TRACK_SEL/B_NParticles_CharmJets /nfs/dust/cms/user/shwillia/BTV/Apr15/MC_Pythia8_QCD_Pt-50to80_Tune4C_8TeV/BTAG_JET_TRACK_SEL.yoda/BTAG_JET_TRACK_SEL/B_NParticles_CharmJets
RatioPlotReference=/nfs/dust/cms/user/shwillia/BTV/Dec14/QCD_Pt-50to80_Tune4C_8TeV_pythia8/BTAG_JET_TRACK_SEL.yoda/BTAG_JET_TRACK_SEL/B_NParticles_CharmJets
RatioPlot=1
Legend=1
XLabel=$N(Particles)$
YLabel=Normalized to Unity
LogY=1
NormalizeToSum=1
# END PLOT

# BEGIN HISTOGRAM /nfs/dust/cms/user/shwillia/BTV/Dec14/QCD_Pt-50to80_Tune4C_8TeV_pythia8/BTAG_JET_TRACK_SEL.yoda/BTAG_JET_TRACK_SEL/B_NParticles_CharmJets
LineColor={[HTML]{EE3311}}
LineStyle=solid
Path=/nfs/dust/cms/user/shwillia/BTV/Dec14/QCD_Pt-50to80_Tune4C_8TeV_pythia8/BTAG_JET_TRACK_SEL.yoda/BTAG_JET_TRACK_SEL/B_NParticles_CharmJets
ScaledBy=4.5795094429484712e-06
Title=MC History Flavor
XLabel=
YLabel=
# xlow	 xhigh	 val	 errminus	 errplus
0.000000e+00	2.000000e+00	2.289756e-06	2.289755e-06	2.289755e-06
2.000000e+00	4.000000e+00	1.190672e-04	1.651165e-05	1.651165e-05
4.000000e+00	6.000000e+00	1.366983e-03	5.594692e-05	5.594692e-05
6.000000e+00	8.000000e+00	5.891540e-03	1.161472e-04	1.161472e-04
8.000000e+00	1.000000e+01	1.532075e-02	1.872986e-04	1.872986e-04
1.000000e+01	1.200000e+01	2.857843e-02	2.558077e-04	2.558077e-04
1.200000e+01	1.400000e+01	4.225972e-02	3.110697e-04	3.110697e-04
1.400000e+01	1.600000e+01	5.165460e-02	3.439132e-04	3.439132e-04
1.600000e+01	1.800000e+01	5.641270e-02	3.594040e-04	3.594040e-04
1.800000e+01	2.000000e+01	5.713855e-02	3.617088e-04	3.617088e-04
2.000000e+01	2.200000e+01	5.303760e-02	3.484868e-04	3.484868e-04
2.200000e+01	2.400000e+01	4.614084e-02	3.250403e-04	3.250403e-04
2.400000e+01	2.600000e+01	3.879990e-02	2.980642e-04	2.980642e-04
2.600000e+01	2.800000e+01	2.988588e-02	2.615938e-04	2.615938e-04
2.800000e+01	3.000000e+01	2.309676e-02	2.299693e-04	2.299693e-04
3.000000e+01	3.200000e+01	1.660530e-02	1.949925e-04	1.949925e-04
3.200000e+01	3.400000e+01	1.162509e-02	1.631521e-04	1.631521e-04
3.400000e+01	3.600000e+01	8.160685e-03	1.366966e-04	1.366966e-04
3.600000e+01	3.800000e+01	5.337420e-03	1.105503e-04	1.105503e-04
3.800000e+01	4.000000e+01	3.572017e-03	9.043806e-05	9.043806e-05
4.000000e+01	4.200000e+01	2.060780e-03	6.869265e-05	6.869265e-05
4.200000e+01	4.400000e+01	1.199831e-03	5.241488e-05	5.241488e-05
4.400000e+01	4.600000e+01	7.624885e-04	4.178410e-05	4.178410e-05
4.600000e+01	4.800000e+01	4.098661e-04	3.063483e-05	3.063483e-05
4.800000e+01	5.000000e+01	2.633218e-04	2.455488e-05	2.455488e-05
5.000000e+01	5.200000e+01	1.190672e-04	1.651165e-05	1.651165e-05
5.200000e+01	5.400000e+01	7.556190e-05	1.315364e-05	1.315364e-05
5.400000e+01	5.600000e+01	6.411315e-05	1.211624e-05	1.211624e-05
5.600000e+01	5.800000e+01	1.373853e-05	5.608730e-06	5.608730e-06
5.800000e+01	6.000000e+01	6.869265e-06	3.965972e-06	3.965972e-06
6.000000e+01	6.200000e+01	6.869265e-06	3.965972e-06	3.965972e-06
6.200000e+01	6.400000e+01	4.579508e-06	3.238202e-06	3.238202e-06
6.400000e+01	6.600000e+01	2.289755e-06	2.289755e-06	2.289755e-06
6.600000e+01	6.800000e+01	0.000000e+00	0.000000e+00	0.000000e+00
6.800000e+01	7.000000e+01	2.289755e-06	2.289755e-06	2.289755e-06
7.000000e+01	7.200000e+01	0.000000e+00	0.000000e+00	0.000000e+00
7.200000e+01	7.400000e+01	2.289756e-06	2.289755e-06	2.289755e-06
7.400000e+01	7.600000e+01	0.000000e+00	0.000000e+00	0.000000e+00
7.600000e+01	7.800000e+01	0.000000e+00	0.000000e+00	0.000000e+00
7.800000e+01	8.000000e+01	0.000000e+00	0.000000e+00	0.000000e+00
8.000000e+01	8.200000e+01	0.000000e+00	0.000000e+00	0.000000e+00
8.200000e+01	8.400000e+01	0.000000e+00	0.000000e+00	0.000000e+00
8.400000e+01	8.600000e+01	0.000000e+00	0.000000e+00	0.000000e+00
8.600000e+01	8.800000e+01	0.000000e+00	0.000000e+00	0.000000e+00
8.800000e+01	9.000000e+01	0.000000e+00	0.000000e+00	0.000000e+00
9.000000e+01	9.200000e+01	0.000000e+00	0.000000e+00	0.000000e+00
9.200000e+01	9.400000e+01	0.000000e+00	0.000000e+00	0.000000e+00
9.400000e+01	9.600000e+01	0.000000e+00	0.000000e+00	0.000000e+00
9.600000e+01	9.800000e+01	0.000000e+00	0.000000e+00	0.000000e+00
9.800000e+01	1.000000e+02	0.000000e+00	0.000000e+00	0.000000e+00
# END HISTOGRAM

# BEGIN HISTOGRAM /nfs/dust/cms/user/shwillia/BTV/Apr15/MC_Pythia8_QCD_Pt-50to80_Tune4C_8TeV/BTAG_JET_TRACK_SEL.yoda/BTAG_JET_TRACK_SEL/B_NParticles_CharmJets
LineColor={[HTML]{3366FF}}
LineStyle=solid
Path=/nfs/dust/cms/user/shwillia/BTV/Apr15/MC_Pythia8_QCD_Pt-50to80_Tune4C_8TeV/BTAG_JET_TRACK_SEL.yoda/BTAG_JET_TRACK_SEL/B_NParticles_CharmJets
Title=Ghost Hadron Flavor
XLabel=
YLabel=
# xlow	 xhigh	 val	 errminus	 errplus
0.000000e+00	2.000000e+00	5.000000e-01	5.000000e-01	5.000000e-01
2.000000e+00	4.000000e+00	2.550000e+01	3.570714e+00	3.570714e+00
4.000000e+00	6.000000e+00	2.780000e+02	1.178983e+01	1.178983e+01
6.000000e+00	8.000000e+00	1.172000e+03	2.420744e+01	2.420744e+01
8.000000e+00	1.000000e+01	3.008500e+03	3.878466e+01	3.878466e+01
1.000000e+01	1.200000e+01	5.470000e+03	5.229723e+01	5.229723e+01
1.200000e+01	1.400000e+01	7.918000e+03	6.292058e+01	6.292058e+01
1.400000e+01	1.600000e+01	9.282000e+03	6.812489e+01	6.812489e+01
1.600000e+01	1.800000e+01	9.802000e+03	7.000714e+01	7.000714e+01
1.800000e+01	2.000000e+01	9.616000e+03	6.933974e+01	6.933974e+01
2.000000e+01	2.200000e+01	8.583500e+03	6.551145e+01	6.551145e+01
2.200000e+01	2.400000e+01	7.299500e+03	6.041316e+01	6.041316e+01
2.400000e+01	2.600000e+01	5.980000e+03	5.468089e+01	5.468089e+01
2.600000e+01	2.800000e+01	4.593500e+03	4.792442e+01	4.792442e+01
2.800000e+01	3.000000e+01	3.508000e+03	4.188078e+01	4.188078e+01
3.000000e+01	3.200000e+01	2.519500e+03	3.549296e+01	3.549296e+01
3.200000e+01	3.400000e+01	1.731000e+03	2.941938e+01	2.941938e+01
3.400000e+01	3.600000e+01	1.211000e+03	2.460691e+01	2.460691e+01
3.600000e+01	3.800000e+01	7.985000e+02	1.998124e+01	1.998124e+01
3.800000e+01	4.000000e+01	5.225000e+02	1.616323e+01	1.616323e+01
4.000000e+01	4.200000e+01	3.005000e+02	1.225765e+01	1.225765e+01
4.200000e+01	4.400000e+01	1.840000e+02	9.591663e+00	9.591663e+00
4.400000e+01	4.600000e+01	1.185000e+02	7.697402e+00	7.697402e+00
4.600000e+01	4.800000e+01	5.950000e+01	5.454356e+00	5.454356e+00
4.800000e+01	5.000000e+01	4.000000e+01	4.472136e+00	4.472136e+00
5.000000e+01	5.200000e+01	2.000000e+01	3.162278e+00	3.162278e+00
5.200000e+01	5.400000e+01	1.000000e+01	2.236068e+00	2.236068e+00
5.400000e+01	5.600000e+01	9.500000e+00	2.179449e+00	2.179449e+00
5.600000e+01	5.800000e+01	2.000000e+00	1.000000e+00	1.000000e+00
5.800000e+01	6.000000e+01	1.500000e+00	8.660254e-01	8.660254e-01
6.000000e+01	6.200000e+01	1.000000e+00	7.071068e-01	7.071068e-01
6.200000e+01	6.400000e+01	5.000000e-01	5.000000e-01	5.000000e-01
6.400000e+01	6.600000e+01	5.000000e-01	5.000000e-01	5.000000e-01
6.600000e+01	6.800000e+01	0.000000e+00	0.000000e+00	0.000000e+00
6.800000e+01	7.000000e+01	5.000000e-01	5.000000e-01	5.000000e-01
7.000000e+01	7.200000e+01	0.000000e+00	0.000000e+00	0.000000e+00
7.200000e+01	7.400000e+01	0.000000e+00	0.000000e+00	0.000000e+00
7.400000e+01	7.600000e+01	0.000000e+00	0.000000e+00	0.000000e+00
7.600000e+01	7.800000e+01	0.000000e+00	0.000000e+00	0.000000e+00
7.800000e+01	8.000000e+01	0.000000e+00	0.000000e+00	0.000000e+00
8.000000e+01	8.200000e+01	0.000000e+00	0.000000e+00	0.000000e+00
8.200000e+01	8.400000e+01	0.000000e+00	0.000000e+00	0.000000e+00
8.400000e+01	8.600000e+01	0.000000e+00	0.000000e+00	0.000000e+00
8.600000e+01	8.800000e+01	0.000000e+00	0.000000e+00	0.000000e+00
8.800000e+01	9.000000e+01	0.000000e+00	0.000000e+00	0.000000e+00
9.000000e+01	9.200000e+01	0.000000e+00	0.000000e+00	0.000000e+00
9.200000e+01	9.400000e+01	0.000000e+00	0.000000e+00	0.000000e+00
9.400000e+01	9.600000e+01	0.000000e+00	0.000000e+00	0.000000e+00
9.600000e+01	9.800000e+01	0.000000e+00	0.000000e+00	0.000000e+00
9.800000e+01	1.000000e+02	0.000000e+00	0.000000e+00	0.000000e+00
# END HISTOGRAM

