# BEGIN PLOT
DrawOnly=/nfs/dust/cms/user/shwillia/BTV/Dec14/QCD_Pt-50to80_Tune4C_8TeV_pythia8/BTAG_JET_TRACK_SEL.yoda/BTAG_JET_TRACK_SEL/C_NChargedParticles_LightJets /nfs/dust/cms/user/shwillia/BTV/Apr15/MC_Pythia8_QCD_Pt-50to80_Tune4C_8TeV/BTAG_JET_TRACK_SEL.yoda/BTAG_JET_TRACK_SEL/C_NChargedParticles_LightJets
RatioPlotReference=/nfs/dust/cms/user/shwillia/BTV/Dec14/QCD_Pt-50to80_Tune4C_8TeV_pythia8/BTAG_JET_TRACK_SEL.yoda/BTAG_JET_TRACK_SEL/C_NChargedParticles_LightJets
RatioPlot=1
Legend=1
XLabel=$N(CP)$
YLabel=Normalized to Unity
LogY=1
NormalizeToSum=1
# END PLOT

# BEGIN HISTOGRAM /nfs/dust/cms/user/shwillia/BTV/Dec14/QCD_Pt-50to80_Tune4C_8TeV_pythia8/BTAG_JET_TRACK_SEL.yoda/BTAG_JET_TRACK_SEL/C_NChargedParticles_LightJets
LineColor={[HTML]{EE3311}}
LineStyle=solid
Path=/nfs/dust/cms/user/shwillia/BTV/Dec14/QCD_Pt-50to80_Tune4C_8TeV_pythia8/BTAG_JET_TRACK_SEL.yoda/BTAG_JET_TRACK_SEL/C_NChargedParticles_LightJets
ScaledBy=5.4225141703851557e-07
Title=MC History Flavor
XLabel=
YLabel=
# xlow	 xhigh	 val	 errminus	 errplus
0.000000e+00	1.000000e+00	3.139093e-03	4.125746e-05	4.125746e-05
1.000000e+00	2.000000e+00	1.500572e-02	9.020463e-05	9.020463e-05
2.000000e+00	3.000000e+00	4.363714e-02	1.538256e-04	1.538256e-04
3.000000e+00	4.000000e+00	8.394269e-02	2.133496e-04	2.133496e-04
4.000000e+00	5.000000e+00	1.221947e-01	2.574107e-04	2.574107e-04
5.000000e+00	6.000000e+00	1.433707e-01	2.788243e-04	2.788243e-04
6.000000e+00	7.000000e+00	1.440046e-01	2.794400e-04	2.794400e-04
7.000000e+00	8.000000e+00	1.280174e-01	2.634723e-04	2.634723e-04
8.000000e+00	9.000000e+00	1.035440e-01	2.369533e-04	2.369533e-04
9.000000e+00	1.000000e+01	7.723450e-02	2.046473e-04	2.046473e-04
1.000000e+01	1.100000e+01	5.344430e-02	1.702359e-04	1.702359e-04
1.100000e+01	1.200000e+01	3.494810e-02	1.376614e-04	1.376614e-04
1.200000e+01	1.300000e+01	2.115052e-02	1.070930e-04	1.070930e-04
1.300000e+01	1.400000e+01	1.224892e-02	8.149842e-05	8.149842e-05
1.400000e+01	1.500000e+01	6.755368e-03	6.052362e-05	6.052362e-05
1.500000e+01	1.600000e+01	3.729605e-03	4.497092e-05	4.497092e-05
1.600000e+01	1.700000e+01	1.846908e-03	3.164631e-05	3.164631e-05
1.700000e+01	1.800000e+01	9.305034e-04	2.246256e-05	2.246256e-05
1.800000e+01	1.900000e+01	4.582024e-04	1.576264e-05	1.576264e-05
1.900000e+01	2.000000e+01	2.125626e-04	1.073603e-05	1.073603e-05
2.000000e+01	2.100000e+01	9.164049e-05	7.049269e-06	7.049269e-06
2.100000e+01	2.200000e+01	4.880263e-05	5.144248e-06	5.144248e-06
2.200000e+01	2.300000e+01	2.277456e-05	3.514191e-06	3.514191e-06
2.300000e+01	2.400000e+01	1.138728e-05	2.484908e-06	2.484908e-06
2.400000e+01	2.500000e+01	5.422514e-06	1.714750e-06	1.714750e-06
2.500000e+01	2.600000e+01	2.711257e-06	1.212511e-06	1.212511e-06
2.600000e+01	2.700000e+01	1.084503e-06	7.668592e-07	7.668592e-07
2.700000e+01	2.800000e+01	5.422514e-07	5.422515e-07	5.422515e-07
2.800000e+01	2.900000e+01	0.000000e+00	0.000000e+00	0.000000e+00
2.900000e+01	3.000000e+01	0.000000e+00	0.000000e+00	0.000000e+00
3.000000e+01	3.100000e+01	0.000000e+00	0.000000e+00	0.000000e+00
3.100000e+01	3.200000e+01	0.000000e+00	0.000000e+00	0.000000e+00
3.200000e+01	3.300000e+01	0.000000e+00	0.000000e+00	0.000000e+00
3.300000e+01	3.400000e+01	0.000000e+00	0.000000e+00	0.000000e+00
3.400000e+01	3.500000e+01	0.000000e+00	0.000000e+00	0.000000e+00
3.500000e+01	3.600000e+01	0.000000e+00	0.000000e+00	0.000000e+00
3.600000e+01	3.700000e+01	0.000000e+00	0.000000e+00	0.000000e+00
3.700000e+01	3.800000e+01	0.000000e+00	0.000000e+00	0.000000e+00
3.800000e+01	3.900000e+01	0.000000e+00	0.000000e+00	0.000000e+00
3.900000e+01	4.000000e+01	0.000000e+00	0.000000e+00	0.000000e+00
4.000000e+01	4.100000e+01	0.000000e+00	0.000000e+00	0.000000e+00
4.100000e+01	4.200000e+01	0.000000e+00	0.000000e+00	0.000000e+00
4.200000e+01	4.300000e+01	0.000000e+00	0.000000e+00	0.000000e+00
4.300000e+01	4.400000e+01	0.000000e+00	0.000000e+00	0.000000e+00
4.400000e+01	4.500000e+01	0.000000e+00	0.000000e+00	0.000000e+00
4.500000e+01	4.600000e+01	0.000000e+00	0.000000e+00	0.000000e+00
4.600000e+01	4.700000e+01	0.000000e+00	0.000000e+00	0.000000e+00
4.700000e+01	4.800000e+01	0.000000e+00	0.000000e+00	0.000000e+00
4.800000e+01	4.900000e+01	0.000000e+00	0.000000e+00	0.000000e+00
4.900000e+01	5.000000e+01	0.000000e+00	0.000000e+00	0.000000e+00
# END HISTOGRAM

# BEGIN HISTOGRAM /nfs/dust/cms/user/shwillia/BTV/Apr15/MC_Pythia8_QCD_Pt-50to80_Tune4C_8TeV/BTAG_JET_TRACK_SEL.yoda/BTAG_JET_TRACK_SEL/C_NChargedParticles_LightJets
LineColor={[HTML]{3366FF}}
LineStyle=solid
Path=/nfs/dust/cms/user/shwillia/BTV/Apr15/MC_Pythia8_QCD_Pt-50to80_Tune4C_8TeV/BTAG_JET_TRACK_SEL.yoda/BTAG_JET_TRACK_SEL/C_NChargedParticles_LightJets
Title=Ghost Hadron Flavor
XLabel=
YLabel=
# xlow	 xhigh	 val	 errminus	 errplus
0.000000e+00	1.000000e+00	3.148500e+04	1.774401e+02	1.774401e+02
1.000000e+00	2.000000e+00	6.319000e+04	2.513762e+02	2.513762e+02
2.000000e+00	3.000000e+00	1.582100e+05	3.977562e+02	3.977562e+02
3.000000e+00	4.000000e+00	2.582110e+05	5.081447e+02	5.081447e+02
4.000000e+00	5.000000e+00	3.149720e+05	5.612237e+02	5.612237e+02
5.000000e+00	6.000000e+00	3.098380e+05	5.566309e+02	5.566309e+02
6.000000e+00	7.000000e+00	2.625610e+05	5.124071e+02	5.124071e+02
7.000000e+00	8.000000e+00	1.981440e+05	4.451337e+02	4.451337e+02
8.000000e+00	9.000000e+00	1.348970e+05	3.672833e+02	3.672833e+02
9.000000e+00	1.000000e+01	8.383000e+04	2.895341e+02	2.895341e+02
1.000000e+01	1.100000e+01	4.798600e+04	2.190571e+02	2.190571e+02
1.100000e+01	1.200000e+01	2.551200e+04	1.597248e+02	1.597248e+02
1.200000e+01	1.300000e+01	1.252700e+04	1.119241e+02	1.119241e+02
1.300000e+01	1.400000e+01	5.667000e+03	7.527948e+01	7.527948e+01
1.400000e+01	1.500000e+01	2.643000e+03	5.141012e+01	5.141012e+01
1.500000e+01	1.600000e+01	1.091000e+03	3.303029e+01	3.303029e+01
1.600000e+01	1.700000e+01	4.660000e+02	2.158703e+01	2.158703e+01
1.700000e+01	1.800000e+01	1.730000e+02	1.315295e+01	1.315295e+01
1.800000e+01	1.900000e+01	5.500000e+01	7.416198e+00	7.416198e+00
1.900000e+01	2.000000e+01	3.400000e+01	5.830952e+00	5.830952e+00
2.000000e+01	2.100000e+01	1.300000e+01	3.605551e+00	3.605551e+00
2.100000e+01	2.200000e+01	3.000000e+00	1.732051e+00	1.732051e+00
2.200000e+01	2.300000e+01	2.000000e+00	1.414214e+00	1.414214e+00
2.300000e+01	2.400000e+01	1.000000e+00	1.000000e+00	1.000000e+00
2.400000e+01	2.500000e+01	0.000000e+00	0.000000e+00	0.000000e+00
2.500000e+01	2.600000e+01	0.000000e+00	0.000000e+00	0.000000e+00
2.600000e+01	2.700000e+01	0.000000e+00	0.000000e+00	0.000000e+00
2.700000e+01	2.800000e+01	0.000000e+00	0.000000e+00	0.000000e+00
2.800000e+01	2.900000e+01	0.000000e+00	0.000000e+00	0.000000e+00
2.900000e+01	3.000000e+01	0.000000e+00	0.000000e+00	0.000000e+00
3.000000e+01	3.100000e+01	0.000000e+00	0.000000e+00	0.000000e+00
3.100000e+01	3.200000e+01	0.000000e+00	0.000000e+00	0.000000e+00
3.200000e+01	3.300000e+01	0.000000e+00	0.000000e+00	0.000000e+00
3.300000e+01	3.400000e+01	0.000000e+00	0.000000e+00	0.000000e+00
3.400000e+01	3.500000e+01	0.000000e+00	0.000000e+00	0.000000e+00
3.500000e+01	3.600000e+01	0.000000e+00	0.000000e+00	0.000000e+00
3.600000e+01	3.700000e+01	0.000000e+00	0.000000e+00	0.000000e+00
3.700000e+01	3.800000e+01	0.000000e+00	0.000000e+00	0.000000e+00
3.800000e+01	3.900000e+01	0.000000e+00	0.000000e+00	0.000000e+00
3.900000e+01	4.000000e+01	0.000000e+00	0.000000e+00	0.000000e+00
4.000000e+01	4.100000e+01	0.000000e+00	0.000000e+00	0.000000e+00
4.100000e+01	4.200000e+01	0.000000e+00	0.000000e+00	0.000000e+00
4.200000e+01	4.300000e+01	0.000000e+00	0.000000e+00	0.000000e+00
4.300000e+01	4.400000e+01	0.000000e+00	0.000000e+00	0.000000e+00
4.400000e+01	4.500000e+01	0.000000e+00	0.000000e+00	0.000000e+00
4.500000e+01	4.600000e+01	0.000000e+00	0.000000e+00	0.000000e+00
4.600000e+01	4.700000e+01	0.000000e+00	0.000000e+00	0.000000e+00
4.700000e+01	4.800000e+01	0.000000e+00	0.000000e+00	0.000000e+00
4.800000e+01	4.900000e+01	0.000000e+00	0.000000e+00	0.000000e+00
4.900000e+01	5.000000e+01	0.000000e+00	0.000000e+00	0.000000e+00
# END HISTOGRAM

