# BEGIN PLOT
DrawOnly=/nfs/dust/cms/user/shwillia/BTV/Dec14/QCD_Pt-50to80_Tune4C_8TeV_pythia8/BTAG_JET_TRACK_SEL.yoda/BTAG_JET_TRACK_SEL/C_NChargedParticles_AllJets /nfs/dust/cms/user/shwillia/BTV/Apr15/MC_Pythia8_QCD_Pt-50to80_Tune4C_8TeV/BTAG_JET_TRACK_SEL.yoda/BTAG_JET_TRACK_SEL/C_NChargedParticles_AllJets
RatioPlotReference=/nfs/dust/cms/user/shwillia/BTV/Dec14/QCD_Pt-50to80_Tune4C_8TeV_pythia8/BTAG_JET_TRACK_SEL.yoda/BTAG_JET_TRACK_SEL/C_NChargedParticles_AllJets
RatioPlot=1
Legend=1
XLabel=$N(CP)$
YLabel=Normalized to Unity
LogY=1
NormalizeToSum=1
# END PLOT

# BEGIN HISTOGRAM /nfs/dust/cms/user/shwillia/BTV/Dec14/QCD_Pt-50to80_Tune4C_8TeV_pythia8/BTAG_JET_TRACK_SEL.yoda/BTAG_JET_TRACK_SEL/C_NChargedParticles_AllJets
LineColor={[HTML]{EE3311}}
LineStyle=solid
Path=/nfs/dust/cms/user/shwillia/BTV/Dec14/QCD_Pt-50to80_Tune4C_8TeV_pythia8/BTAG_JET_TRACK_SEL.yoda/BTAG_JET_TRACK_SEL/C_NChargedParticles_AllJets
ScaledBy=4.6502824814093334e-07
Title=MC History Flavor
XLabel=
YLabel=
# xlow	 xhigh	 val	 errminus	 errplus
0.000000e+00	1.000000e+00	3.121735e-03	3.810112e-05	3.810112e-05
1.000000e+00	2.000000e+00	1.530222e-02	8.435617e-05	8.435617e-05
2.000000e+00	3.000000e+00	4.419628e-02	1.433615e-04	1.433615e-04
3.000000e+00	4.000000e+00	8.569029e-02	1.996207e-04	1.996207e-04
4.000000e+00	5.000000e+00	1.239844e-01	2.401172e-04	2.401172e-04
5.000000e+00	6.000000e+00	1.447368e-01	2.594353e-04	2.594353e-04
6.000000e+00	7.000000e+00	1.441997e-01	2.589535e-04	2.589535e-04
7.000000e+00	8.000000e+00	1.274103e-01	2.434120e-04	2.434120e-04
8.000000e+00	9.000000e+00	1.023276e-01	2.181404e-04	2.181404e-04
9.000000e+00	1.000000e+01	7.594562e-02	1.879278e-04	1.879278e-04
1.000000e+01	1.100000e+01	5.245705e-02	1.561858e-04	1.561858e-04
1.100000e+01	1.200000e+01	3.412470e-02	1.259720e-04	1.259720e-04
1.200000e+01	1.300000e+01	2.066725e-02	9.803497e-05	9.803497e-05
1.300000e+01	1.400000e+01	1.201726e-02	7.475537e-05	7.475537e-05
1.400000e+01	1.500000e+01	6.608981e-03	5.543792e-05	5.543792e-05
1.500000e+01	1.600000e+01	3.664423e-03	4.128026e-05	4.128026e-05
1.600000e+01	1.700000e+01	1.808495e-03	2.900002e-05	2.900002e-05
1.700000e+01	1.800000e+01	8.998296e-04	2.045596e-05	2.045596e-05
1.800000e+01	1.900000e+01	4.454971e-04	1.439336e-05	1.439336e-05
1.900000e+01	2.000000e+01	2.092627e-04	9.864739e-06	9.864739e-06
2.000000e+01	2.100000e+01	9.114554e-05	6.510396e-06	6.510396e-06
2.100000e+01	2.200000e+01	4.650282e-05	4.650283e-06	4.650283e-06
2.200000e+01	2.300000e+01	2.232136e-05	3.221810e-06	3.221810e-06
2.300000e+01	2.400000e+01	1.162571e-05	2.325141e-06	2.325141e-06
2.400000e+01	2.500000e+01	5.580339e-06	1.610905e-06	1.610905e-06
2.500000e+01	2.600000e+01	2.325141e-06	1.039835e-06	1.039835e-06
2.600000e+01	2.700000e+01	1.860113e-06	9.300566e-07	9.300566e-07
2.700000e+01	2.800000e+01	9.300564e-07	6.576492e-07	6.576492e-07
2.800000e+01	2.900000e+01	0.000000e+00	0.000000e+00	0.000000e+00
2.900000e+01	3.000000e+01	0.000000e+00	0.000000e+00	0.000000e+00
3.000000e+01	3.100000e+01	0.000000e+00	0.000000e+00	0.000000e+00
3.100000e+01	3.200000e+01	0.000000e+00	0.000000e+00	0.000000e+00
3.200000e+01	3.300000e+01	0.000000e+00	0.000000e+00	0.000000e+00
3.300000e+01	3.400000e+01	0.000000e+00	0.000000e+00	0.000000e+00
3.400000e+01	3.500000e+01	0.000000e+00	0.000000e+00	0.000000e+00
3.500000e+01	3.600000e+01	0.000000e+00	0.000000e+00	0.000000e+00
3.600000e+01	3.700000e+01	0.000000e+00	0.000000e+00	0.000000e+00
3.700000e+01	3.800000e+01	0.000000e+00	0.000000e+00	0.000000e+00
3.800000e+01	3.900000e+01	0.000000e+00	0.000000e+00	0.000000e+00
3.900000e+01	4.000000e+01	0.000000e+00	0.000000e+00	0.000000e+00
4.000000e+01	4.100000e+01	0.000000e+00	0.000000e+00	0.000000e+00
4.100000e+01	4.200000e+01	0.000000e+00	0.000000e+00	0.000000e+00
4.200000e+01	4.300000e+01	0.000000e+00	0.000000e+00	0.000000e+00
4.300000e+01	4.400000e+01	0.000000e+00	0.000000e+00	0.000000e+00
4.400000e+01	4.500000e+01	0.000000e+00	0.000000e+00	0.000000e+00
4.500000e+01	4.600000e+01	0.000000e+00	0.000000e+00	0.000000e+00
4.600000e+01	4.700000e+01	0.000000e+00	0.000000e+00	0.000000e+00
4.700000e+01	4.800000e+01	0.000000e+00	0.000000e+00	0.000000e+00
4.800000e+01	4.900000e+01	0.000000e+00	0.000000e+00	0.000000e+00
4.900000e+01	5.000000e+01	0.000000e+00	0.000000e+00	0.000000e+00
# END HISTOGRAM

# BEGIN HISTOGRAM /nfs/dust/cms/user/shwillia/BTV/Apr15/MC_Pythia8_QCD_Pt-50to80_Tune4C_8TeV/BTAG_JET_TRACK_SEL.yoda/BTAG_JET_TRACK_SEL/C_NChargedParticles_AllJets
LineColor={[HTML]{3366FF}}
LineStyle=solid
Path=/nfs/dust/cms/user/shwillia/BTV/Apr15/MC_Pythia8_QCD_Pt-50to80_Tune4C_8TeV/BTAG_JET_TRACK_SEL.yoda/BTAG_JET_TRACK_SEL/C_NChargedParticles_AllJets
Title=Ghost Hadron Flavor
XLabel=
YLabel=
# xlow	 xhigh	 val	 errminus	 errplus
0.000000e+00	1.000000e+00	4.192800e+04	2.047633e+02	2.047633e+02
1.000000e+00	2.000000e+00	7.276600e+04	2.697517e+02	2.697517e+02
2.000000e+00	3.000000e+00	1.793310e+05	4.234749e+02	4.234749e+02
3.000000e+00	4.000000e+00	2.934650e+05	5.417241e+02	5.417241e+02
4.000000e+00	5.000000e+00	3.557710e+05	5.964654e+02	5.964654e+02
5.000000e+00	6.000000e+00	3.481010e+05	5.900008e+02	5.900008e+02
6.000000e+00	7.000000e+00	2.931650e+05	5.414471e+02	5.414471e+02
7.000000e+00	8.000000e+00	2.197580e+05	4.687835e+02	4.687835e+02
8.000000e+00	9.000000e+00	1.487770e+05	3.857162e+02	3.857162e+02
9.000000e+00	1.000000e+01	9.218100e+04	3.036132e+02	3.036132e+02
1.000000e+01	1.100000e+01	5.253400e+04	2.292030e+02	2.292030e+02
1.100000e+01	1.200000e+01	2.787000e+04	1.669431e+02	1.669431e+02
1.200000e+01	1.300000e+01	1.369100e+04	1.170085e+02	1.170085e+02
1.300000e+01	1.400000e+01	6.217000e+03	7.884795e+01	7.884795e+01
1.400000e+01	1.500000e+01	2.857000e+03	5.345091e+01	5.345091e+01
1.500000e+01	1.600000e+01	1.169000e+03	3.419064e+01	3.419064e+01
1.600000e+01	1.700000e+01	5.070000e+02	2.251666e+01	2.251666e+01
1.700000e+01	1.800000e+01	1.890000e+02	1.374773e+01	1.374773e+01
1.800000e+01	1.900000e+01	6.300000e+01	7.937254e+00	7.937254e+00
1.900000e+01	2.000000e+01	3.900000e+01	6.244998e+00	6.244998e+00
2.000000e+01	2.100000e+01	1.500000e+01	3.872983e+00	3.872983e+00
2.100000e+01	2.200000e+01	3.000000e+00	1.732051e+00	1.732051e+00
2.200000e+01	2.300000e+01	2.000000e+00	1.414214e+00	1.414214e+00
2.300000e+01	2.400000e+01	2.000000e+00	1.414214e+00	1.414214e+00
2.400000e+01	2.500000e+01	0.000000e+00	0.000000e+00	0.000000e+00
2.500000e+01	2.600000e+01	0.000000e+00	0.000000e+00	0.000000e+00
2.600000e+01	2.700000e+01	0.000000e+00	0.000000e+00	0.000000e+00
2.700000e+01	2.800000e+01	0.000000e+00	0.000000e+00	0.000000e+00
2.800000e+01	2.900000e+01	0.000000e+00	0.000000e+00	0.000000e+00
2.900000e+01	3.000000e+01	0.000000e+00	0.000000e+00	0.000000e+00
3.000000e+01	3.100000e+01	0.000000e+00	0.000000e+00	0.000000e+00
3.100000e+01	3.200000e+01	0.000000e+00	0.000000e+00	0.000000e+00
3.200000e+01	3.300000e+01	0.000000e+00	0.000000e+00	0.000000e+00
3.300000e+01	3.400000e+01	0.000000e+00	0.000000e+00	0.000000e+00
3.400000e+01	3.500000e+01	0.000000e+00	0.000000e+00	0.000000e+00
3.500000e+01	3.600000e+01	0.000000e+00	0.000000e+00	0.000000e+00
3.600000e+01	3.700000e+01	0.000000e+00	0.000000e+00	0.000000e+00
3.700000e+01	3.800000e+01	0.000000e+00	0.000000e+00	0.000000e+00
3.800000e+01	3.900000e+01	0.000000e+00	0.000000e+00	0.000000e+00
3.900000e+01	4.000000e+01	0.000000e+00	0.000000e+00	0.000000e+00
4.000000e+01	4.100000e+01	0.000000e+00	0.000000e+00	0.000000e+00
4.100000e+01	4.200000e+01	0.000000e+00	0.000000e+00	0.000000e+00
4.200000e+01	4.300000e+01	0.000000e+00	0.000000e+00	0.000000e+00
4.300000e+01	4.400000e+01	0.000000e+00	0.000000e+00	0.000000e+00
4.400000e+01	4.500000e+01	0.000000e+00	0.000000e+00	0.000000e+00
4.500000e+01	4.600000e+01	0.000000e+00	0.000000e+00	0.000000e+00
4.600000e+01	4.700000e+01	0.000000e+00	0.000000e+00	0.000000e+00
4.700000e+01	4.800000e+01	0.000000e+00	0.000000e+00	0.000000e+00
4.800000e+01	4.900000e+01	0.000000e+00	0.000000e+00	0.000000e+00
4.900000e+01	5.000000e+01	0.000000e+00	0.000000e+00	0.000000e+00
# END HISTOGRAM

