# BEGIN PLOT
DrawOnly=/nfs/dust/cms/user/shwillia/BTV/Dec14/QCD_Pt-50to80_Tune4C_8TeV_pythia8/BTAG_JET_TRACK_SEL.yoda/BTAG_JET_TRACK_SEL/F_ChargedParticlePtRel_CharmJets /nfs/dust/cms/user/shwillia/BTV/Apr15/MC_Pythia8_QCD_Pt-50to80_Tune4C_8TeV/BTAG_JET_TRACK_SEL.yoda/BTAG_JET_TRACK_SEL/F_ChargedParticlePtRel_CharmJets
RatioPlotReference=/nfs/dust/cms/user/shwillia/BTV/Dec14/QCD_Pt-50to80_Tune4C_8TeV_pythia8/BTAG_JET_TRACK_SEL.yoda/BTAG_JET_TRACK_SEL/F_ChargedParticlePtRel_CharmJets
RatioPlot=1
Legend=1
XLabel=$P_{T,rel}(CP)$
YLabel=Normalized to Unity
LogY=1
NormalizeToSum=1
# END PLOT

# BEGIN HISTOGRAM /nfs/dust/cms/user/shwillia/BTV/Dec14/QCD_Pt-50to80_Tune4C_8TeV_pythia8/BTAG_JET_TRACK_SEL.yoda/BTAG_JET_TRACK_SEL/F_ChargedParticlePtRel_CharmJets
LineColor={[HTML]{EE3311}}
LineStyle=solid
Path=/nfs/dust/cms/user/shwillia/BTV/Dec14/QCD_Pt-50to80_Tune4C_8TeV_pythia8/BTAG_JET_TRACK_SEL.yoda/BTAG_JET_TRACK_SEL/F_ChargedParticlePtRel_CharmJets
Rebin=2
ScaledBy=7.4330431473288618e-07
Title=MC History Flavor
XLabel=
YLabel=
# xlow	 xhigh	 val	 errminus	 errplus
0.000000e+00	1.000000e-03	0.000000e+00	0.000000e+00	0.000000e+00
1.000000e-03	2.000000e-03	3.173909e-01	1.535963e-02	1.535963e-02
2.000000e-03	3.000000e-03	1.016394e+01	8.691895e-02	8.691895e-02
3.000000e-03	4.000000e-03	3.711393e+01	1.660932e-01	1.660932e-01
4.000000e-03	5.000000e-03	5.206326e+01	1.967202e-01	1.967202e-01
5.000000e-03	6.000000e-03	5.586155e+01	2.037698e-01	2.037698e-01
6.000000e-03	7.000000e-03	5.510710e+01	2.023891e-01	2.023891e-01
7.000000e-03	8.000000e-03	5.588533e+01	2.038132e-01	2.038132e-01
8.000000e-03	9.000000e-03	5.467226e+01	2.015890e-01	2.015890e-01
9.000000e-03	1.000000e-02	5.460759e+01	2.014697e-01	2.014697e-01
1.000000e-02	1.100000e-02	5.390889e+01	2.001767e-01	2.001767e-01
1.100000e-02	1.200000e-02	5.469382e+01	2.016287e-01	2.016287e-01
1.200000e-02	1.300000e-02	5.239998e+01	1.973553e-01	1.973553e-01
1.300000e-02	1.400000e-02	5.088215e+01	1.944760e-01	1.944760e-01
1.400000e-02	1.500000e-02	4.856156e+01	1.899895e-01	1.899895e-01
1.500000e-02	1.600000e-02	4.416417e+01	1.811834e-01	1.811834e-01
1.600000e-02	1.700000e-02	4.061638e+01	1.737536e-01	1.737536e-01
1.700000e-02	1.800000e-02	3.544595e+01	1.623180e-01	1.623180e-01
1.800000e-02	1.900000e-02	3.109093e+01	1.520198e-01	1.520198e-01
1.900000e-02	2.000000e-02	2.651218e+01	1.403803e-01	1.403803e-01
2.000000e-02	2.100000e-02	2.161529e+01	1.267546e-01	1.267546e-01
2.100000e-02	2.200000e-02	1.838489e+01	1.168998e-01	1.168998e-01
2.200000e-02	2.300000e-02	1.640696e+01	1.104326e-01	1.104326e-01
2.300000e-02	2.400000e-02	1.400906e+01	1.020441e-01	1.020441e-01
2.400000e-02	2.500000e-02	1.236487e+01	9.586897e-02	9.586897e-02
2.500000e-02	2.600000e-02	1.063074e+01	8.889249e-02	8.889249e-02
2.600000e-02	2.700000e-02	9.839863e+00	8.552200e-02	8.552200e-02
2.700000e-02	2.800000e-02	8.490765e+00	7.944320e-02	7.944320e-02
2.800000e-02	2.900000e-02	7.683537e+00	7.557252e-02	7.557252e-02
2.900000e-02	3.000000e-02	6.843603e+00	7.132236e-02	7.132236e-02
3.000000e-02	3.100000e-02	6.332953e+00	6.860985e-02	6.860985e-02
3.100000e-02	3.200000e-02	5.965017e+00	6.658696e-02	6.658696e-02
3.200000e-02	3.300000e-02	5.244012e+00	6.243314e-02	6.243314e-02
3.300000e-02	3.400000e-02	4.891686e+00	6.029934e-02	6.029934e-02
3.400000e-02	3.500000e-02	4.587674e+00	5.839553e-02	5.839553e-02
3.500000e-02	3.600000e-02	4.046549e+00	5.484357e-02	5.484357e-02
3.600000e-02	3.700000e-02	3.726185e+00	5.262783e-02	5.262783e-02
3.700000e-02	3.800000e-02	3.374602e+00	5.008349e-02	5.008349e-02
3.800000e-02	3.900000e-02	3.081740e+00	4.786094e-02	4.786094e-02
3.900000e-02	4.000000e-02	2.819353e+00	4.577813e-02	4.577813e-02
4.000000e-02	4.100000e-02	2.636500e+00	4.426875e-02	4.426875e-02
4.100000e-02	4.200000e-02	2.316136e+00	4.149210e-02	4.149210e-02
4.200000e-02	4.300000e-02	2.168962e+00	4.015220e-02	4.015220e-02
4.300000e-02	4.400000e-02	1.919955e+00	3.777712e-02	3.777712e-02
4.400000e-02	4.500000e-02	1.623377e+00	3.473706e-02	3.473706e-02
4.500000e-02	4.600000e-02	1.469513e+00	3.304989e-02	3.304989e-02
4.600000e-02	4.700000e-02	1.236858e+00	3.032099e-02	3.032099e-02
4.700000e-02	4.800000e-02	1.029476e+00	2.766251e-02	2.766251e-02
4.800000e-02	4.900000e-02	7.916191e-01	2.425724e-02	2.425724e-02
4.900000e-02	5.000000e-02	3.998977e-01	1.724081e-02	1.724081e-02
5.000000e-02	5.100000e-02	0.000000e+00	0.000000e+00	0.000000e+00
5.100000e-02	5.200000e-02	0.000000e+00	0.000000e+00	0.000000e+00
5.200000e-02	5.300000e-02	0.000000e+00	0.000000e+00	0.000000e+00
5.300000e-02	5.400000e-02	0.000000e+00	0.000000e+00	0.000000e+00
5.400000e-02	5.500000e-02	0.000000e+00	0.000000e+00	0.000000e+00
5.500000e-02	5.600000e-02	0.000000e+00	0.000000e+00	0.000000e+00
5.600000e-02	5.700000e-02	0.000000e+00	0.000000e+00	0.000000e+00
5.700000e-02	5.800000e-02	0.000000e+00	0.000000e+00	0.000000e+00
5.800000e-02	5.900000e-02	0.000000e+00	0.000000e+00	0.000000e+00
5.900000e-02	6.000000e-02	0.000000e+00	0.000000e+00	0.000000e+00
6.000000e-02	6.100000e-02	0.000000e+00	0.000000e+00	0.000000e+00
6.100000e-02	6.200000e-02	0.000000e+00	0.000000e+00	0.000000e+00
6.200000e-02	6.300000e-02	0.000000e+00	0.000000e+00	0.000000e+00
6.300000e-02	6.400000e-02	0.000000e+00	0.000000e+00	0.000000e+00
6.400000e-02	6.500000e-02	0.000000e+00	0.000000e+00	0.000000e+00
6.500000e-02	6.600000e-02	0.000000e+00	0.000000e+00	0.000000e+00
6.600000e-02	6.700000e-02	0.000000e+00	0.000000e+00	0.000000e+00
6.700000e-02	6.800000e-02	0.000000e+00	0.000000e+00	0.000000e+00
6.800000e-02	6.900000e-02	0.000000e+00	0.000000e+00	0.000000e+00
6.900000e-02	7.000000e-02	0.000000e+00	0.000000e+00	0.000000e+00
# END HISTOGRAM

# BEGIN HISTOGRAM /nfs/dust/cms/user/shwillia/BTV/Apr15/MC_Pythia8_QCD_Pt-50to80_Tune4C_8TeV/BTAG_JET_TRACK_SEL.yoda/BTAG_JET_TRACK_SEL/F_ChargedParticlePtRel_CharmJets
LineColor={[HTML]{3366FF}}
LineStyle=solid
Path=/nfs/dust/cms/user/shwillia/BTV/Apr15/MC_Pythia8_QCD_Pt-50to80_Tune4C_8TeV/BTAG_JET_TRACK_SEL.yoda/BTAG_JET_TRACK_SEL/F_ChargedParticlePtRel_CharmJets
Rebin=2
Title=Ghost Hadron Flavor
XLabel=
YLabel=
# xlow	 xhigh	 val	 errminus	 errplus
0.000000e+00	1.000000e-03	0.000000e+00	0.000000e+00	0.000000e+00
1.000000e-03	2.000000e-03	3.520000e+05	1.876166e+04	1.876166e+04
2.000000e-03	3.000000e-03	9.528000e+06	9.761147e+04	9.761147e+04
3.000000e-03	4.000000e-03	3.322200e+07	1.822690e+05	1.822690e+05
4.000000e-03	5.000000e-03	4.545700e+07	2.132065e+05	2.132065e+05
5.000000e-03	6.000000e-03	4.650500e+07	2.156502e+05	2.156502e+05
6.000000e-03	7.000000e-03	4.506500e+07	2.122852e+05	2.122852e+05
7.000000e-03	8.000000e-03	4.588300e+07	2.142032e+05	2.142032e+05
8.000000e-03	9.000000e-03	4.436600e+07	2.106324e+05	2.106324e+05
9.000000e-03	1.000000e-02	4.441400e+07	2.107463e+05	2.107463e+05
1.000000e-02	1.100000e-02	4.318000e+07	2.077980e+05	2.077980e+05
1.100000e-02	1.200000e-02	4.398600e+07	2.097284e+05	2.097284e+05
1.200000e-02	1.300000e-02	4.198700e+07	2.049073e+05	2.049073e+05
1.300000e-02	1.400000e-02	4.114000e+07	2.028300e+05	2.028300e+05
1.400000e-02	1.500000e-02	3.910300e+07	1.977448e+05	1.977448e+05
1.500000e-02	1.600000e-02	3.565200e+07	1.888174e+05	1.888174e+05
1.600000e-02	1.700000e-02	3.242000e+07	1.800555e+05	1.800555e+05
1.700000e-02	1.800000e-02	2.837800e+07	1.684577e+05	1.684577e+05
1.800000e-02	1.900000e-02	2.434600e+07	1.560320e+05	1.560320e+05
1.900000e-02	2.000000e-02	2.050500e+07	1.431957e+05	1.431957e+05
2.000000e-02	2.100000e-02	1.679100e+07	1.295801e+05	1.295801e+05
2.100000e-02	2.200000e-02	1.402700e+07	1.184356e+05	1.184356e+05
2.200000e-02	2.300000e-02	1.223600e+07	1.106165e+05	1.106165e+05
2.300000e-02	2.400000e-02	1.041700e+07	1.020637e+05	1.020637e+05
2.400000e-02	2.500000e-02	9.173000e+06	9.577578e+04	9.577578e+04
2.500000e-02	2.600000e-02	7.847000e+06	8.858329e+04	8.858329e+04
2.600000e-02	2.700000e-02	7.335000e+06	8.564461e+04	8.564461e+04
2.700000e-02	2.800000e-02	6.154000e+06	7.844743e+04	7.844743e+04
2.800000e-02	2.900000e-02	5.675000e+06	7.533260e+04	7.533260e+04
2.900000e-02	3.000000e-02	4.892000e+06	6.994283e+04	6.994283e+04
3.000000e-02	3.100000e-02	4.687000e+06	6.846167e+04	6.846167e+04
3.100000e-02	3.200000e-02	4.234000e+06	6.506919e+04	6.506919e+04
3.200000e-02	3.300000e-02	3.810000e+06	6.172520e+04	6.172520e+04
3.300000e-02	3.400000e-02	3.526000e+06	5.938013e+04	5.938013e+04
3.400000e-02	3.500000e-02	3.235000e+06	5.687706e+04	5.687706e+04
3.500000e-02	3.600000e-02	2.912000e+06	5.396295e+04	5.396295e+04
3.600000e-02	3.700000e-02	2.631000e+06	5.129327e+04	5.129327e+04
3.700000e-02	3.800000e-02	2.396000e+06	4.894895e+04	4.894895e+04
3.800000e-02	3.900000e-02	2.281000e+06	4.775982e+04	4.775982e+04
3.900000e-02	4.000000e-02	1.896000e+06	4.354308e+04	4.354308e+04
4.000000e-02	4.100000e-02	1.765000e+06	4.201190e+04	4.201190e+04
4.100000e-02	4.200000e-02	1.626000e+06	4.032369e+04	4.032369e+04
4.200000e-02	4.300000e-02	1.558000e+06	3.947151e+04	3.947151e+04
4.300000e-02	4.400000e-02	1.309000e+06	3.618011e+04	3.618011e+04
4.400000e-02	4.500000e-02	1.112000e+06	3.334666e+04	3.334666e+04
4.500000e-02	4.600000e-02	1.025000e+06	3.201562e+04	3.201562e+04
4.600000e-02	4.700000e-02	8.770000e+05	2.961419e+04	2.961419e+04
4.700000e-02	4.800000e-02	7.400000e+05	2.720294e+04	2.720294e+04
4.800000e-02	4.900000e-02	5.830000e+05	2.414539e+04	2.414539e+04
4.900000e-02	5.000000e-02	3.120000e+05	1.766352e+04	1.766352e+04
5.000000e-02	5.100000e-02	0.000000e+00	0.000000e+00	0.000000e+00
5.100000e-02	5.200000e-02	0.000000e+00	0.000000e+00	0.000000e+00
5.200000e-02	5.300000e-02	0.000000e+00	0.000000e+00	0.000000e+00
5.300000e-02	5.400000e-02	0.000000e+00	0.000000e+00	0.000000e+00
5.400000e-02	5.500000e-02	0.000000e+00	0.000000e+00	0.000000e+00
5.500000e-02	5.600000e-02	0.000000e+00	0.000000e+00	0.000000e+00
5.600000e-02	5.700000e-02	0.000000e+00	0.000000e+00	0.000000e+00
5.700000e-02	5.800000e-02	0.000000e+00	0.000000e+00	0.000000e+00
5.800000e-02	5.900000e-02	0.000000e+00	0.000000e+00	0.000000e+00
5.900000e-02	6.000000e-02	0.000000e+00	0.000000e+00	0.000000e+00
6.000000e-02	6.100000e-02	0.000000e+00	0.000000e+00	0.000000e+00
6.100000e-02	6.200000e-02	0.000000e+00	0.000000e+00	0.000000e+00
6.200000e-02	6.300000e-02	0.000000e+00	0.000000e+00	0.000000e+00
6.300000e-02	6.400000e-02	0.000000e+00	0.000000e+00	0.000000e+00
6.400000e-02	6.500000e-02	0.000000e+00	0.000000e+00	0.000000e+00
6.500000e-02	6.600000e-02	0.000000e+00	0.000000e+00	0.000000e+00
6.600000e-02	6.700000e-02	0.000000e+00	0.000000e+00	0.000000e+00
6.700000e-02	6.800000e-02	0.000000e+00	0.000000e+00	0.000000e+00
6.800000e-02	6.900000e-02	0.000000e+00	0.000000e+00	0.000000e+00
6.900000e-02	7.000000e-02	0.000000e+00	0.000000e+00	0.000000e+00
# END HISTOGRAM

