# BEGIN PLOT
DrawOnly=/nfs/dust/cms/user/shwillia/BTV/Dec14/QCD_Pt-50to80_Tune4C_8TeV_pythia8/BTAG_JET_TRACK_SEL.yoda/BTAG_JET_TRACK_SEL/F_ChargedParticlePtRel_AllJets /nfs/dust/cms/user/shwillia/BTV/Apr15/MC_Pythia8_QCD_Pt-50to80_Tune4C_8TeV/BTAG_JET_TRACK_SEL.yoda/BTAG_JET_TRACK_SEL/F_ChargedParticlePtRel_AllJets
RatioPlotReference=/nfs/dust/cms/user/shwillia/BTV/Dec14/QCD_Pt-50to80_Tune4C_8TeV_pythia8/BTAG_JET_TRACK_SEL.yoda/BTAG_JET_TRACK_SEL/F_ChargedParticlePtRel_AllJets
RatioPlot=1
Legend=1
XLabel=$P_{T,rel}(CP)$
YLabel=Normalized to Unity
LogY=1
NormalizeToSum=1
# END PLOT

# BEGIN HISTOGRAM /nfs/dust/cms/user/shwillia/BTV/Dec14/QCD_Pt-50to80_Tune4C_8TeV_pythia8/BTAG_JET_TRACK_SEL.yoda/BTAG_JET_TRACK_SEL/F_ChargedParticlePtRel_AllJets
LineColor={[HTML]{EE3311}}
LineStyle=solid
Path=/nfs/dust/cms/user/shwillia/BTV/Dec14/QCD_Pt-50to80_Tune4C_8TeV_pythia8/BTAG_JET_TRACK_SEL.yoda/BTAG_JET_TRACK_SEL/F_ChargedParticlePtRel_AllJets
Rebin=2
ScaledBy=7.3217735707843073e-08
Title=MC History Flavor
XLabel=
YLabel=
# xlow	 xhigh	 val	 errminus	 errplus
0.000000e+00	1.000000e-03	1.244701e-03	3.018845e-04	3.018845e-04
1.000000e-03	2.000000e-03	4.679345e-01	5.853299e-03	5.853299e-03
2.000000e-03	3.000000e-03	1.252499e+01	3.028286e-02	3.028286e-02
3.000000e-03	4.000000e-03	4.290179e+01	5.604616e-02	5.604616e-02
4.000000e-03	5.000000e-03	5.827993e+01	6.532323e-02	6.532323e-02
5.000000e-03	6.000000e-03	5.952521e+01	6.601743e-02	6.601743e-02
6.000000e-03	7.000000e-03	5.758765e+01	6.493411e-02	6.493411e-02
7.000000e-03	8.000000e-03	5.623986e+01	6.416974e-02	6.416974e-02
8.000000e-03	9.000000e-03	5.534346e+01	6.365629e-02	6.365629e-02
9.000000e-03	1.000000e-02	5.408030e+01	6.292565e-02	6.292565e-02
1.000000e-02	1.100000e-02	5.298628e+01	6.228592e-02	6.228592e-02
1.100000e-02	1.200000e-02	5.211368e+01	6.177091e-02	6.177091e-02
1.200000e-02	1.300000e-02	5.111499e+01	6.117616e-02	6.117616e-02
1.300000e-02	1.400000e-02	4.950002e+01	6.020199e-02	6.020199e-02
1.400000e-02	1.500000e-02	4.663853e+01	5.843601e-02	5.843601e-02
1.500000e-02	1.600000e-02	4.296900e+01	5.609004e-02	5.609004e-02
1.600000e-02	1.700000e-02	3.934802e+01	5.367470e-02	5.367470e-02
1.700000e-02	1.800000e-02	3.455562e+01	5.029994e-02	5.029994e-02
1.800000e-02	1.900000e-02	3.038939e+01	4.717035e-02	4.717035e-02
1.900000e-02	2.000000e-02	2.574306e+01	4.341485e-02	4.341485e-02
2.000000e-02	2.100000e-02	2.155142e+01	3.972337e-02	3.972337e-02
2.100000e-02	2.200000e-02	1.805293e+01	3.635650e-02	3.635650e-02
2.200000e-02	2.300000e-02	1.552721e+01	3.371746e-02	3.371746e-02
2.300000e-02	2.400000e-02	1.326456e+01	3.116410e-02	3.116410e-02
2.400000e-02	2.500000e-02	1.159784e+01	2.914048e-02	2.914048e-02
2.500000e-02	2.600000e-02	1.015435e+01	2.726680e-02	2.726680e-02
2.600000e-02	2.700000e-02	9.060475e+00	2.575631e-02	2.575631e-02
2.700000e-02	2.800000e-02	8.071889e+00	2.431060e-02	2.431060e-02
2.800000e-02	2.900000e-02	7.308009e+00	2.313171e-02	2.313171e-02
2.900000e-02	3.000000e-02	6.572829e+00	2.193736e-02	2.193736e-02
3.000000e-02	3.100000e-02	6.014691e+00	2.098528e-02	2.098528e-02
3.100000e-02	3.200000e-02	5.491110e+00	2.005110e-02	2.005110e-02
3.200000e-02	3.300000e-02	4.951496e+00	1.904041e-02	1.904041e-02
3.300000e-02	3.400000e-02	4.613669e+00	1.837940e-02	1.837940e-02
3.400000e-02	3.500000e-02	4.198525e+00	1.753301e-02	1.753301e-02
3.500000e-02	3.600000e-02	3.890571e+00	1.687776e-02	1.687776e-02
3.600000e-02	3.700000e-02	3.574490e+00	1.617764e-02	1.617764e-02
3.700000e-02	3.800000e-02	3.239665e+00	1.540133e-02	1.540133e-02
3.800000e-02	3.900000e-02	2.979449e+00	1.476985e-02	1.476985e-02
3.900000e-02	4.000000e-02	2.690020e+00	1.403414e-02	1.403414e-02
4.000000e-02	4.100000e-02	2.438224e+00	1.336118e-02	1.336118e-02
4.100000e-02	4.200000e-02	2.247492e+00	1.282795e-02	1.282795e-02
4.200000e-02	4.300000e-02	2.053099e+00	1.226064e-02	1.226064e-02
4.300000e-02	4.400000e-02	1.817484e+00	1.153569e-02	1.153569e-02
4.400000e-02	4.500000e-02	1.588898e+00	1.078589e-02	1.078589e-02
4.500000e-02	4.600000e-02	1.416104e+00	1.018253e-02	1.018253e-02
4.600000e-02	4.700000e-02	1.170532e+00	9.257629e-03	9.257629e-03
4.700000e-02	4.800000e-02	1.032736e+00	8.695666e-03	8.695666e-03
4.800000e-02	4.900000e-02	7.358383e-01	7.340055e-03	7.340055e-03
4.900000e-02	5.000000e-02	3.834413e-01	5.298556e-03	5.298556e-03
5.000000e-02	5.100000e-02	0.000000e+00	0.000000e+00	0.000000e+00
5.100000e-02	5.200000e-02	0.000000e+00	0.000000e+00	0.000000e+00
5.200000e-02	5.300000e-02	0.000000e+00	0.000000e+00	0.000000e+00
5.300000e-02	5.400000e-02	0.000000e+00	0.000000e+00	0.000000e+00
5.400000e-02	5.500000e-02	0.000000e+00	0.000000e+00	0.000000e+00
5.500000e-02	5.600000e-02	0.000000e+00	0.000000e+00	0.000000e+00
5.600000e-02	5.700000e-02	0.000000e+00	0.000000e+00	0.000000e+00
5.700000e-02	5.800000e-02	0.000000e+00	0.000000e+00	0.000000e+00
5.800000e-02	5.900000e-02	0.000000e+00	0.000000e+00	0.000000e+00
5.900000e-02	6.000000e-02	0.000000e+00	0.000000e+00	0.000000e+00
6.000000e-02	6.100000e-02	0.000000e+00	0.000000e+00	0.000000e+00
6.100000e-02	6.200000e-02	0.000000e+00	0.000000e+00	0.000000e+00
6.200000e-02	6.300000e-02	0.000000e+00	0.000000e+00	0.000000e+00
6.300000e-02	6.400000e-02	0.000000e+00	0.000000e+00	0.000000e+00
6.400000e-02	6.500000e-02	0.000000e+00	0.000000e+00	0.000000e+00
6.500000e-02	6.600000e-02	0.000000e+00	0.000000e+00	0.000000e+00
6.600000e-02	6.700000e-02	0.000000e+00	0.000000e+00	0.000000e+00
6.700000e-02	6.800000e-02	0.000000e+00	0.000000e+00	0.000000e+00
6.800000e-02	6.900000e-02	0.000000e+00	0.000000e+00	0.000000e+00
6.900000e-02	7.000000e-02	0.000000e+00	0.000000e+00	0.000000e+00
# END HISTOGRAM

# BEGIN HISTOGRAM /nfs/dust/cms/user/shwillia/BTV/Apr15/MC_Pythia8_QCD_Pt-50to80_Tune4C_8TeV/BTAG_JET_TRACK_SEL.yoda/BTAG_JET_TRACK_SEL/F_ChargedParticlePtRel_AllJets
LineColor={[HTML]{3366FF}}
LineStyle=solid
Path=/nfs/dust/cms/user/shwillia/BTV/Apr15/MC_Pythia8_QCD_Pt-50to80_Tune4C_8TeV/BTAG_JET_TRACK_SEL.yoda/BTAG_JET_TRACK_SEL/F_ChargedParticlePtRel_AllJets
Rebin=2
Title=Ghost Hadron Flavor
XLabel=
YLabel=
# xlow	 xhigh	 val	 errminus	 errplus
0.000000e+00	1.000000e-03	1.700000e+04	4.123106e+03	4.123106e+03
1.000000e-03	2.000000e-03	5.723000e+06	7.565051e+04	7.565051e+04
2.000000e-03	3.000000e-03	1.491480e+08	3.861968e+05	3.861968e+05
3.000000e-03	4.000000e-03	4.990790e+08	7.064552e+05	7.064552e+05
4.000000e-03	5.000000e-03	6.625840e+08	8.139926e+05	8.139926e+05
5.000000e-03	6.000000e-03	6.664010e+08	8.163339e+05	8.163339e+05
6.000000e-03	7.000000e-03	6.400050e+08	8.000031e+05	8.000031e+05
7.000000e-03	8.000000e-03	6.226990e+08	7.891128e+05	7.891128e+05
8.000000e-03	9.000000e-03	6.105200e+08	7.813578e+05	7.813578e+05
9.000000e-03	1.000000e-02	5.948600e+08	7.712717e+05	7.712717e+05
1.000000e-02	1.100000e-02	5.824110e+08	7.631586e+05	7.631586e+05
1.100000e-02	1.200000e-02	5.727220e+08	7.567840e+05	7.567840e+05
1.200000e-02	1.300000e-02	5.620320e+08	7.496879e+05	7.496879e+05
1.300000e-02	1.400000e-02	5.435800e+08	7.372788e+05	7.372788e+05
1.400000e-02	1.500000e-02	5.112130e+08	7.149916e+05	7.149916e+05
1.500000e-02	1.600000e-02	4.699190e+08	6.855064e+05	6.855064e+05
1.600000e-02	1.700000e-02	4.290880e+08	6.550481e+05	6.550481e+05
1.700000e-02	1.800000e-02	3.750840e+08	6.124410e+05	6.124410e+05
1.800000e-02	1.900000e-02	3.278190e+08	5.725548e+05	5.725548e+05
1.900000e-02	2.000000e-02	2.763240e+08	5.256653e+05	5.256653e+05
2.000000e-02	2.100000e-02	2.294330e+08	4.789916e+05	4.789916e+05
2.100000e-02	2.200000e-02	1.911030e+08	4.371533e+05	4.371533e+05
2.200000e-02	2.300000e-02	1.633540e+08	4.041708e+05	4.041708e+05
2.300000e-02	2.400000e-02	1.391350e+08	3.730080e+05	3.730080e+05
2.400000e-02	2.500000e-02	1.207310e+08	3.474637e+05	3.474637e+05
2.500000e-02	2.600000e-02	1.053890e+08	3.246367e+05	3.246367e+05
2.600000e-02	2.700000e-02	9.368000e+07	3.060719e+05	3.060719e+05
2.700000e-02	2.800000e-02	8.313100e+07	2.883245e+05	2.883245e+05
2.800000e-02	2.900000e-02	7.498500e+07	2.738339e+05	2.738339e+05
2.900000e-02	3.000000e-02	6.723900e+07	2.593048e+05	2.593048e+05
3.000000e-02	3.100000e-02	6.161600e+07	2.482257e+05	2.482257e+05
3.100000e-02	3.200000e-02	5.593000e+07	2.364952e+05	2.364952e+05
3.200000e-02	3.300000e-02	5.045800e+07	2.246286e+05	2.246286e+05
3.300000e-02	3.400000e-02	4.688500e+07	2.165294e+05	2.165294e+05
3.400000e-02	3.500000e-02	4.287600e+07	2.070652e+05	2.070652e+05
3.500000e-02	3.600000e-02	3.951000e+07	1.987712e+05	1.987712e+05
3.600000e-02	3.700000e-02	3.607200e+07	1.899263e+05	1.899263e+05
3.700000e-02	3.800000e-02	3.255300e+07	1.804245e+05	1.804245e+05
3.800000e-02	3.900000e-02	2.989600e+07	1.729046e+05	1.729046e+05
3.900000e-02	4.000000e-02	2.693100e+07	1.641067e+05	1.641067e+05
4.000000e-02	4.100000e-02	2.454200e+07	1.566589e+05	1.566589e+05
4.100000e-02	4.200000e-02	2.249400e+07	1.499800e+05	1.499800e+05
4.200000e-02	4.300000e-02	2.050900e+07	1.432096e+05	1.432096e+05
4.300000e-02	4.400000e-02	1.814100e+07	1.346885e+05	1.346885e+05
4.400000e-02	4.500000e-02	1.580600e+07	1.257219e+05	1.257219e+05
4.500000e-02	4.600000e-02	1.398900e+07	1.182751e+05	1.182751e+05
4.600000e-02	4.700000e-02	1.169000e+07	1.081203e+05	1.081203e+05
4.700000e-02	4.800000e-02	1.030400e+07	1.015086e+05	1.015086e+05
4.800000e-02	4.900000e-02	7.345000e+06	8.570298e+04	8.570298e+04
4.900000e-02	5.000000e-02	3.807000e+06	6.170089e+04	6.170089e+04
5.000000e-02	5.100000e-02	0.000000e+00	0.000000e+00	0.000000e+00
5.100000e-02	5.200000e-02	0.000000e+00	0.000000e+00	0.000000e+00
5.200000e-02	5.300000e-02	0.000000e+00	0.000000e+00	0.000000e+00
5.300000e-02	5.400000e-02	0.000000e+00	0.000000e+00	0.000000e+00
5.400000e-02	5.500000e-02	0.000000e+00	0.000000e+00	0.000000e+00
5.500000e-02	5.600000e-02	0.000000e+00	0.000000e+00	0.000000e+00
5.600000e-02	5.700000e-02	0.000000e+00	0.000000e+00	0.000000e+00
5.700000e-02	5.800000e-02	0.000000e+00	0.000000e+00	0.000000e+00
5.800000e-02	5.900000e-02	0.000000e+00	0.000000e+00	0.000000e+00
5.900000e-02	6.000000e-02	0.000000e+00	0.000000e+00	0.000000e+00
6.000000e-02	6.100000e-02	0.000000e+00	0.000000e+00	0.000000e+00
6.100000e-02	6.200000e-02	0.000000e+00	0.000000e+00	0.000000e+00
6.200000e-02	6.300000e-02	0.000000e+00	0.000000e+00	0.000000e+00
6.300000e-02	6.400000e-02	0.000000e+00	0.000000e+00	0.000000e+00
6.400000e-02	6.500000e-02	0.000000e+00	0.000000e+00	0.000000e+00
6.500000e-02	6.600000e-02	0.000000e+00	0.000000e+00	0.000000e+00
6.600000e-02	6.700000e-02	0.000000e+00	0.000000e+00	0.000000e+00
6.700000e-02	6.800000e-02	0.000000e+00	0.000000e+00	0.000000e+00
6.800000e-02	6.900000e-02	0.000000e+00	0.000000e+00	0.000000e+00
6.900000e-02	7.000000e-02	0.000000e+00	0.000000e+00	0.000000e+00
# END HISTOGRAM

