# BEGIN PLOT
DrawOnly=/nfs/dust/cms/user/shwillia/BTV/Dec14/QCD_Pt-50to80_Tune4C_8TeV_pythia8/BTAG_JET_TRACK_SEL.yoda/BTAG_JET_TRACK_SEL/G_ChargedParticleJetDist_AllJets /nfs/dust/cms/user/shwillia/BTV/Apr15/MC_Pythia8_QCD_Pt-50to80_Tune4C_8TeV/BTAG_JET_TRACK_SEL.yoda/BTAG_JET_TRACK_SEL/G_ChargedParticleJetDist_AllJets
RatioPlotReference=/nfs/dust/cms/user/shwillia/BTV/Dec14/QCD_Pt-50to80_Tune4C_8TeV_pythia8/BTAG_JET_TRACK_SEL.yoda/BTAG_JET_TRACK_SEL/G_ChargedParticleJetDist_AllJets
RatioPlot=1
Legend=1
XLabel=$d(CP,Jet)$
YLabel=Normalized to Unity
LogY=1
NormalizeToSum=1
# END PLOT

# BEGIN HISTOGRAM /nfs/dust/cms/user/shwillia/BTV/Dec14/QCD_Pt-50to80_Tune4C_8TeV_pythia8/BTAG_JET_TRACK_SEL.yoda/BTAG_JET_TRACK_SEL/G_ChargedParticleJetDist_AllJets
LineColor={[HTML]{EE3311}}
LineStyle=solid
Path=/nfs/dust/cms/user/shwillia/BTV/Dec14/QCD_Pt-50to80_Tune4C_8TeV_pythia8/BTAG_JET_TRACK_SEL.yoda/BTAG_JET_TRACK_SEL/G_ChargedParticleJetDist_AllJets
ScaledBy=7.3217735707843073e-08
Title=MC History Flavor
XLabel=
YLabel=
# xlow	 xhigh	 val	 errminus	 errplus
0.000000e+00	2.000000e-02	4.871517e+01	1.335443e-02	1.335443e-02
2.000000e-02	4.000000e-02	3.647964e-01	1.155629e-03	1.155629e-03
4.000000e-02	6.000000e-02	2.197631e-01	8.969546e-04	8.969546e-04
6.000000e-02	8.000000e-02	1.481524e-01	7.364572e-04	7.364572e-04
8.000000e-02	1.000000e-01	1.058582e-01	6.225231e-04	6.225231e-04
1.000000e-01	1.200000e-01	8.048460e-02	5.428121e-04	5.428121e-04
1.200000e-01	1.400000e-01	6.149560e-02	4.744769e-04	4.744769e-04
1.400000e-01	1.600000e-01	4.821754e-02	4.201416e-04	4.201416e-04
1.600000e-01	1.800000e-01	3.918613e-02	3.787559e-04	3.787559e-04
1.800000e-01	2.000000e-01	3.161176e-02	3.401868e-04	3.401868e-04
2.000000e-01	2.200000e-01	2.632544e-02	3.104423e-04	3.104423e-04
2.200000e-01	2.400000e-01	2.187746e-02	2.830034e-04	2.830034e-04
2.400000e-01	2.600000e-01	1.834104e-02	2.591225e-04	2.591225e-04
2.600000e-01	2.800000e-01	1.578208e-02	2.403673e-04	2.403673e-04
2.800000e-01	3.000000e-01	1.349037e-02	2.222312e-04	2.222312e-04
3.000000e-01	3.200000e-01	1.143661e-02	2.046170e-04	2.046170e-04
3.200000e-01	3.400000e-01	1.013699e-02	1.926406e-04	1.926406e-04
3.400000e-01	3.600000e-01	8.599425e-03	1.774303e-04	1.774303e-04
3.600000e-01	3.800000e-01	7.548750e-03	1.662382e-04	1.662382e-04
3.800000e-01	4.000000e-01	6.761660e-03	1.573330e-04	1.573330e-04
4.000000e-01	4.200000e-01	5.835455e-03	1.461606e-04	1.461606e-04
4.200000e-01	4.400000e-01	5.249710e-03	1.386312e-04	1.386312e-04
4.400000e-01	4.600000e-01	4.488247e-03	1.281833e-04	1.281833e-04
4.600000e-01	4.800000e-01	4.169750e-03	1.235515e-04	1.235515e-04
4.800000e-01	5.000000e-01	3.774374e-03	1.175481e-04	1.175481e-04
5.000000e-01	5.200000e-01	3.313102e-03	1.101313e-04	1.101313e-04
5.200000e-01	5.400000e-01	2.862813e-03	1.023740e-04	1.023740e-04
5.400000e-01	5.600000e-01	2.676108e-03	9.897944e-05	9.897944e-05
5.600000e-01	5.800000e-01	2.302698e-03	9.181457e-05	9.181457e-05
5.800000e-01	6.000000e-01	2.244123e-03	9.063930e-05	9.063930e-05
6.000000e-01	6.200000e-01	1.830443e-03	8.185991e-05	8.185991e-05
6.200000e-01	6.400000e-01	1.684008e-03	7.851728e-05	7.851728e-05
6.400000e-01	6.600000e-01	1.585164e-03	7.617811e-05	7.617811e-05
6.600000e-01	6.800000e-01	1.552216e-03	7.538228e-05	7.538228e-05
6.800000e-01	7.000000e-01	1.391137e-03	7.136382e-05	7.136382e-05
7.000000e-01	7.200000e-01	0.000000e+00	0.000000e+00	0.000000e+00
7.200000e-01	7.400000e-01	0.000000e+00	0.000000e+00	0.000000e+00
7.400000e-01	7.600000e-01	0.000000e+00	0.000000e+00	0.000000e+00
7.600000e-01	7.800000e-01	0.000000e+00	0.000000e+00	0.000000e+00
7.800000e-01	8.000000e-01	0.000000e+00	0.000000e+00	0.000000e+00
8.000000e-01	8.200000e-01	0.000000e+00	0.000000e+00	0.000000e+00
8.200000e-01	8.400000e-01	0.000000e+00	0.000000e+00	0.000000e+00
8.400000e-01	8.600000e-01	0.000000e+00	0.000000e+00	0.000000e+00
8.600000e-01	8.800000e-01	0.000000e+00	0.000000e+00	0.000000e+00
8.800000e-01	9.000000e-01	0.000000e+00	0.000000e+00	0.000000e+00
9.000000e-01	9.200000e-01	0.000000e+00	0.000000e+00	0.000000e+00
9.200000e-01	9.400000e-01	0.000000e+00	0.000000e+00	0.000000e+00
9.400000e-01	9.600000e-01	0.000000e+00	0.000000e+00	0.000000e+00
9.600000e-01	9.800000e-01	0.000000e+00	0.000000e+00	0.000000e+00
9.800000e-01	1.000000e+00	0.000000e+00	0.000000e+00	0.000000e+00
# END HISTOGRAM

# BEGIN HISTOGRAM /nfs/dust/cms/user/shwillia/BTV/Apr15/MC_Pythia8_QCD_Pt-50to80_Tune4C_8TeV/BTAG_JET_TRACK_SEL.yoda/BTAG_JET_TRACK_SEL/G_ChargedParticleJetDist_AllJets
LineColor={[HTML]{3366FF}}
LineStyle=solid
Path=/nfs/dust/cms/user/shwillia/BTV/Apr15/MC_Pythia8_QCD_Pt-50to80_Tune4C_8TeV/BTAG_JET_TRACK_SEL.yoda/BTAG_JET_TRACK_SEL/G_ChargedParticleJetDist_AllJets
Title=Ghost Hadron Flavor
XLabel=
YLabel=
# xlow	 xhigh	 val	 errminus	 errplus
0.000000e+00	2.000000e-02	5.300925e+08	1.628024e+05	1.628024e+05
2.000000e-02	4.000000e-02	4.470550e+06	1.495084e+04	1.495084e+04
4.000000e-02	6.000000e-02	2.630600e+06	1.146865e+04	1.146865e+04
6.000000e-02	8.000000e-02	1.779500e+06	9.432656e+03	9.432656e+03
8.000000e-02	1.000000e-01	1.294550e+06	8.045340e+03	8.045340e+03
1.000000e-01	1.200000e-01	9.931500e+05	7.046808e+03	7.046808e+03
1.200000e-01	1.400000e-01	7.842000e+05	6.261789e+03	6.261789e+03
1.400000e-01	1.600000e-01	6.303500e+05	5.614045e+03	5.614045e+03
1.600000e-01	1.800000e-01	5.196500e+05	5.097303e+03	5.097303e+03
1.800000e-01	2.000000e-01	4.297000e+05	4.635191e+03	4.635191e+03
2.000000e-01	2.200000e-01	3.706000e+05	4.304649e+03	4.304649e+03
2.200000e-01	2.400000e-01	3.161500e+05	3.975865e+03	3.975865e+03
2.400000e-01	2.600000e-01	2.715000e+05	3.684427e+03	3.684427e+03
2.600000e-01	2.800000e-01	2.419500e+05	3.478146e+03	3.478146e+03
2.800000e-01	3.000000e-01	2.180000e+05	3.301515e+03	3.301515e+03
3.000000e-01	3.200000e-01	1.914500e+05	3.093946e+03	3.093946e+03
3.200000e-01	3.400000e-01	1.710000e+05	2.924038e+03	2.924038e+03
3.400000e-01	3.600000e-01	1.568000e+05	2.800000e+03	2.800000e+03
3.600000e-01	3.800000e-01	1.468500e+05	2.709705e+03	2.709705e+03
3.800000e-01	4.000000e-01	1.304500e+05	2.553919e+03	2.553919e+03
4.000000e-01	4.200000e-01	1.196000e+05	2.445404e+03	2.445404e+03
4.200000e-01	4.400000e-01	1.104000e+05	2.349468e+03	2.349468e+03
4.400000e-01	4.600000e-01	1.045500e+05	2.286373e+03	2.286373e+03
4.600000e-01	4.800000e-01	9.815000e+04	2.215288e+03	2.215288e+03
4.800000e-01	5.000000e-01	9.305000e+04	2.156965e+03	2.156965e+03
5.000000e-01	5.200000e-01	8.410000e+04	2.050610e+03	2.050610e+03
5.200000e-01	5.400000e-01	7.900000e+04	1.987461e+03	1.987461e+03
5.400000e-01	5.600000e-01	7.765000e+04	1.970406e+03	1.970406e+03
5.600000e-01	5.800000e-01	7.055000e+04	1.878164e+03	1.878164e+03
5.800000e-01	6.000000e-01	6.790000e+04	1.842553e+03	1.842553e+03
6.000000e-01	6.200000e-01	6.170000e+04	1.756417e+03	1.756417e+03
6.200000e-01	6.400000e-01	6.230000e+04	1.764936e+03	1.764936e+03
6.400000e-01	6.600000e-01	5.960000e+04	1.726268e+03	1.726268e+03
6.600000e-01	6.800000e-01	5.665000e+04	1.683003e+03	1.683003e+03
6.800000e-01	7.000000e-01	5.345000e+04	1.634778e+03	1.634778e+03
7.000000e-01	7.200000e-01	0.000000e+00	0.000000e+00	0.000000e+00
7.200000e-01	7.400000e-01	0.000000e+00	0.000000e+00	0.000000e+00
7.400000e-01	7.600000e-01	0.000000e+00	0.000000e+00	0.000000e+00
7.600000e-01	7.800000e-01	0.000000e+00	0.000000e+00	0.000000e+00
7.800000e-01	8.000000e-01	0.000000e+00	0.000000e+00	0.000000e+00
8.000000e-01	8.200000e-01	0.000000e+00	0.000000e+00	0.000000e+00
8.200000e-01	8.400000e-01	0.000000e+00	0.000000e+00	0.000000e+00
8.400000e-01	8.600000e-01	0.000000e+00	0.000000e+00	0.000000e+00
8.600000e-01	8.800000e-01	0.000000e+00	0.000000e+00	0.000000e+00
8.800000e-01	9.000000e-01	0.000000e+00	0.000000e+00	0.000000e+00
9.000000e-01	9.200000e-01	0.000000e+00	0.000000e+00	0.000000e+00
9.200000e-01	9.400000e-01	0.000000e+00	0.000000e+00	0.000000e+00
9.400000e-01	9.600000e-01	0.000000e+00	0.000000e+00	0.000000e+00
9.600000e-01	9.800000e-01	0.000000e+00	0.000000e+00	0.000000e+00
9.800000e-01	1.000000e+00	0.000000e+00	0.000000e+00	0.000000e+00
# END HISTOGRAM

