# BEGIN PLOT
DrawOnly=/nfs/dust/cms/user/shwillia/BTV/Dec14/QCD_Pt-50to80_Tune4C_8TeV_pythia8/BTAG_JET_TRACK_SEL.yoda/BTAG_JET_TRACK_SEL/H_ChargedParticleJetDr_BottomJets /nfs/dust/cms/user/shwillia/BTV/Apr15/MC_Pythia8_QCD_Pt-50to80_Tune4C_8TeV/BTAG_JET_TRACK_SEL.yoda/BTAG_JET_TRACK_SEL/H_ChargedParticleJetDr_BottomJets
RatioPlotReference=/nfs/dust/cms/user/shwillia/BTV/Dec14/QCD_Pt-50to80_Tune4C_8TeV_pythia8/BTAG_JET_TRACK_SEL.yoda/BTAG_JET_TRACK_SEL/H_ChargedParticleJetDr_BottomJets
RatioPlot=1
Legend=1
XLabel=$\Delta R(CP,Jet)$
YLabel=Normalized to Unity
LogY=1
NormalizeToSum=1
# END PLOT

# BEGIN HISTOGRAM /nfs/dust/cms/user/shwillia/BTV/Dec14/QCD_Pt-50to80_Tune4C_8TeV_pythia8/BTAG_JET_TRACK_SEL.yoda/BTAG_JET_TRACK_SEL/H_ChargedParticleJetDr_BottomJets
LineColor={[HTML]{EE3311}}
LineStyle=solid
Path=/nfs/dust/cms/user/shwillia/BTV/Dec14/QCD_Pt-50to80_Tune4C_8TeV_pythia8/BTAG_JET_TRACK_SEL.yoda/BTAG_JET_TRACK_SEL/H_ChargedParticleJetDr_BottomJets
Rebin=2
ScaledBy=1.8750433603777087e-06
Title=MC History Flavor
XLabel=
YLabel=
# xlow	 xhigh	 val	 errminus	 errplus
0.000000e+00	1.000000e-02	6.180143e-01	1.076478e-02	1.076478e-02
1.000000e-02	2.000000e-02	1.890231e+00	1.882622e-02	1.882622e-02
2.000000e-02	3.000000e-02	2.878004e+00	2.323011e-02	2.323011e-02
3.000000e-02	4.000000e-02	3.606833e+00	2.600571e-02	2.600571e-02
4.000000e-02	5.000000e-02	4.034906e+00	2.750568e-02	2.750568e-02
5.000000e-02	6.000000e-02	4.250348e+00	2.823046e-02	2.823046e-02
6.000000e-02	7.000000e-02	4.336413e+00	2.851484e-02	2.851484e-02
7.000000e-02	8.000000e-02	4.250911e+00	2.823233e-02	2.823233e-02
8.000000e-02	9.000000e-02	4.225035e+00	2.814627e-02	2.814627e-02
9.000000e-02	1.000000e-01	4.087970e+00	2.768595e-02	2.768595e-02
1.000000e-01	1.100000e-01	3.833339e+00	2.680984e-02	2.680984e-02
1.100000e-01	1.200000e-01	3.699836e+00	2.633885e-02	2.633885e-02
1.200000e-01	1.300000e-01	3.497331e+00	2.560790e-02	2.560790e-02
1.300000e-01	1.400000e-01	3.317702e+00	2.494160e-02	2.494160e-02
1.400000e-01	1.500000e-01	3.136760e+00	2.425193e-02	2.425193e-02
1.500000e-01	1.600000e-01	2.968569e+00	2.359278e-02	2.359278e-02
1.600000e-01	1.700000e-01	2.751626e+00	2.271435e-02	2.271435e-02
1.700000e-01	1.800000e-01	2.609123e+00	2.211836e-02	2.211836e-02
1.800000e-01	1.900000e-01	2.518558e+00	2.173110e-02	2.173110e-02
1.900000e-01	2.000000e-01	2.338929e+00	2.094181e-02	2.094181e-02
2.000000e-01	2.100000e-01	2.202426e+00	2.032153e-02	2.032153e-02
2.100000e-01	2.200000e-01	2.058798e+00	1.964774e-02	1.964774e-02
2.200000e-01	2.300000e-01	1.952108e+00	1.913187e-02	1.913187e-02
2.300000e-01	2.400000e-01	1.871668e+00	1.873355e-02	1.873355e-02
2.400000e-01	2.500000e-01	1.761416e+00	1.817342e-02	1.817342e-02
2.500000e-01	2.600000e-01	1.688852e+00	1.779514e-02	1.779514e-02
2.600000e-01	2.700000e-01	1.609350e+00	1.737124e-02	1.737124e-02
2.700000e-01	2.800000e-01	1.504722e+00	1.679708e-02	1.679708e-02
2.800000e-01	2.900000e-01	1.462721e+00	1.656100e-02	1.656100e-02
2.900000e-01	3.000000e-01	1.351719e+00	1.592021e-02	1.592021e-02
3.000000e-01	3.100000e-01	1.319468e+00	1.572914e-02	1.572914e-02
3.100000e-01	3.200000e-01	1.231341e+00	1.519480e-02	1.519480e-02
3.200000e-01	3.300000e-01	1.234341e+00	1.521329e-02	1.521329e-02
3.300000e-01	3.400000e-01	1.148652e+00	1.467573e-02	1.467573e-02
3.400000e-01	3.500000e-01	1.093525e+00	1.431924e-02	1.431924e-02
3.500000e-01	3.600000e-01	1.069150e+00	1.415875e-02	1.415875e-02
3.600000e-01	3.700000e-01	1.020211e+00	1.383091e-02	1.383091e-02
3.700000e-01	3.800000e-01	9.761476e-01	1.352893e-02	1.352893e-02
3.800000e-01	3.900000e-01	9.628348e-01	1.343636e-02	1.343636e-02
3.900000e-01	4.000000e-01	9.144586e-01	1.309446e-02	1.309446e-02
4.000000e-01	4.100000e-01	8.775203e-01	1.282727e-02	1.282727e-02
4.100000e-01	4.200000e-01	8.450820e-01	1.258795e-02	1.258795e-02
4.200000e-01	4.300000e-01	8.072062e-01	1.230263e-02	1.230263e-02
4.300000e-01	4.400000e-01	7.781430e-01	1.207912e-02	1.207912e-02
4.400000e-01	4.500000e-01	7.442047e-01	1.181277e-02	1.181277e-02
4.500000e-01	4.600000e-01	6.875784e-01	1.135447e-02	1.135447e-02
4.600000e-01	4.700000e-01	6.257020e-01	1.083152e-02	1.083152e-02
4.700000e-01	4.800000e-01	5.270747e-01	9.941267e-03	9.941267e-03
4.800000e-01	4.900000e-01	4.282599e-01	8.961060e-03	8.961060e-03
4.900000e-01	5.000000e-01	3.948841e-01	8.604795e-03	8.604795e-03
5.000000e-01	5.100000e-01	0.000000e+00	0.000000e+00	0.000000e+00
5.100000e-01	5.200000e-01	0.000000e+00	0.000000e+00	0.000000e+00
5.200000e-01	5.300000e-01	0.000000e+00	0.000000e+00	0.000000e+00
5.300000e-01	5.400000e-01	0.000000e+00	0.000000e+00	0.000000e+00
5.400000e-01	5.500000e-01	0.000000e+00	0.000000e+00	0.000000e+00
5.500000e-01	5.600000e-01	0.000000e+00	0.000000e+00	0.000000e+00
5.600000e-01	5.700000e-01	0.000000e+00	0.000000e+00	0.000000e+00
5.700000e-01	5.800000e-01	0.000000e+00	0.000000e+00	0.000000e+00
5.800000e-01	5.900000e-01	0.000000e+00	0.000000e+00	0.000000e+00
5.900000e-01	6.000000e-01	0.000000e+00	0.000000e+00	0.000000e+00
6.000000e-01	6.100000e-01	0.000000e+00	0.000000e+00	0.000000e+00
6.100000e-01	6.200000e-01	0.000000e+00	0.000000e+00	0.000000e+00
6.200000e-01	6.300000e-01	0.000000e+00	0.000000e+00	0.000000e+00
6.300000e-01	6.400000e-01	0.000000e+00	0.000000e+00	0.000000e+00
6.400000e-01	6.500000e-01	0.000000e+00	0.000000e+00	0.000000e+00
6.500000e-01	6.600000e-01	0.000000e+00	0.000000e+00	0.000000e+00
6.600000e-01	6.700000e-01	0.000000e+00	0.000000e+00	0.000000e+00
6.700000e-01	6.800000e-01	0.000000e+00	0.000000e+00	0.000000e+00
6.800000e-01	6.900000e-01	0.000000e+00	0.000000e+00	0.000000e+00
6.900000e-01	7.000000e-01	0.000000e+00	0.000000e+00	0.000000e+00
# END HISTOGRAM

# BEGIN HISTOGRAM /nfs/dust/cms/user/shwillia/BTV/Apr15/MC_Pythia8_QCD_Pt-50to80_Tune4C_8TeV/BTAG_JET_TRACK_SEL.yoda/BTAG_JET_TRACK_SEL/H_ChargedParticleJetDr_BottomJets
LineColor={[HTML]{3366FF}}
LineStyle=solid
Path=/nfs/dust/cms/user/shwillia/BTV/Apr15/MC_Pythia8_QCD_Pt-50to80_Tune4C_8TeV/BTAG_JET_TRACK_SEL.yoda/BTAG_JET_TRACK_SEL/H_ChargedParticleJetDr_BottomJets
Rebin=2
Title=Ghost Hadron Flavor
XLabel=
YLabel=
# xlow	 xhigh	 val	 errminus	 errplus
0.000000e+00	1.000000e-02	2.548000e+05	5.047772e+03	5.047772e+03
1.000000e-02	2.000000e-02	7.705000e+05	8.777813e+03	8.777813e+03
2.000000e-02	3.000000e-02	1.182700e+06	1.087520e+04	1.087520e+04
3.000000e-02	4.000000e-02	1.479500e+06	1.216347e+04	1.216347e+04
4.000000e-02	5.000000e-02	1.670900e+06	1.292633e+04	1.292633e+04
5.000000e-02	6.000000e-02	1.747700e+06	1.322006e+04	1.322006e+04
6.000000e-02	7.000000e-02	1.777100e+06	1.333079e+04	1.333079e+04
7.000000e-02	8.000000e-02	1.734100e+06	1.316852e+04	1.316852e+04
8.000000e-02	9.000000e-02	1.715200e+06	1.309656e+04	1.309656e+04
9.000000e-02	1.000000e-01	1.659700e+06	1.288293e+04	1.288293e+04
1.000000e-01	1.100000e-01	1.553700e+06	1.246475e+04	1.246475e+04
1.100000e-01	1.200000e-01	1.483500e+06	1.217990e+04	1.217990e+04
1.200000e-01	1.300000e-01	1.409000e+06	1.187013e+04	1.187013e+04
1.300000e-01	1.400000e-01	1.328000e+06	1.152389e+04	1.152389e+04
1.400000e-01	1.500000e-01	1.249800e+06	1.117945e+04	1.117945e+04
1.500000e-01	1.600000e-01	1.168600e+06	1.081018e+04	1.081018e+04
1.600000e-01	1.700000e-01	1.091300e+06	1.044653e+04	1.044653e+04
1.700000e-01	1.800000e-01	1.024800e+06	1.012324e+04	1.012324e+04
1.800000e-01	1.900000e-01	9.876000e+05	9.937807e+03	9.937807e+03
1.900000e-01	2.000000e-01	9.150000e+05	9.565563e+03	9.565563e+03
2.000000e-01	2.100000e-01	8.536000e+05	9.239048e+03	9.239048e+03
2.100000e-01	2.200000e-01	7.903000e+05	8.889882e+03	8.889882e+03
2.200000e-01	2.300000e-01	7.544000e+05	8.685620e+03	8.685620e+03
2.300000e-01	2.400000e-01	7.180000e+05	8.473488e+03	8.473488e+03
2.400000e-01	2.500000e-01	6.591000e+05	8.118497e+03	8.118497e+03
2.500000e-01	2.600000e-01	6.347000e+05	7.966806e+03	7.966806e+03
2.600000e-01	2.700000e-01	6.102000e+05	7.811530e+03	7.811530e+03
2.700000e-01	2.800000e-01	5.652000e+05	7.517978e+03	7.517978e+03
2.800000e-01	2.900000e-01	5.534000e+05	7.439086e+03	7.439086e+03
2.900000e-01	3.000000e-01	5.169000e+05	7.189576e+03	7.189576e+03
3.000000e-01	3.100000e-01	0.000000e+00	0.000000e+00	0.000000e+00
3.100000e-01	3.200000e-01	0.000000e+00	0.000000e+00	0.000000e+00
3.200000e-01	3.300000e-01	0.000000e+00	0.000000e+00	0.000000e+00
3.300000e-01	3.400000e-01	0.000000e+00	0.000000e+00	0.000000e+00
3.400000e-01	3.500000e-01	0.000000e+00	0.000000e+00	0.000000e+00
3.500000e-01	3.600000e-01	0.000000e+00	0.000000e+00	0.000000e+00
3.600000e-01	3.700000e-01	0.000000e+00	0.000000e+00	0.000000e+00
3.700000e-01	3.800000e-01	0.000000e+00	0.000000e+00	0.000000e+00
3.800000e-01	3.900000e-01	0.000000e+00	0.000000e+00	0.000000e+00
3.900000e-01	4.000000e-01	0.000000e+00	0.000000e+00	0.000000e+00
4.000000e-01	4.100000e-01	0.000000e+00	0.000000e+00	0.000000e+00
4.100000e-01	4.200000e-01	0.000000e+00	0.000000e+00	0.000000e+00
4.200000e-01	4.300000e-01	0.000000e+00	0.000000e+00	0.000000e+00
4.300000e-01	4.400000e-01	0.000000e+00	0.000000e+00	0.000000e+00
4.400000e-01	4.500000e-01	0.000000e+00	0.000000e+00	0.000000e+00
4.500000e-01	4.600000e-01	0.000000e+00	0.000000e+00	0.000000e+00
4.600000e-01	4.700000e-01	0.000000e+00	0.000000e+00	0.000000e+00
4.700000e-01	4.800000e-01	0.000000e+00	0.000000e+00	0.000000e+00
4.800000e-01	4.900000e-01	0.000000e+00	0.000000e+00	0.000000e+00
4.900000e-01	5.000000e-01	0.000000e+00	0.000000e+00	0.000000e+00
5.000000e-01	5.100000e-01	0.000000e+00	0.000000e+00	0.000000e+00
5.100000e-01	5.200000e-01	0.000000e+00	0.000000e+00	0.000000e+00
5.200000e-01	5.300000e-01	0.000000e+00	0.000000e+00	0.000000e+00
5.300000e-01	5.400000e-01	0.000000e+00	0.000000e+00	0.000000e+00
5.400000e-01	5.500000e-01	0.000000e+00	0.000000e+00	0.000000e+00
5.500000e-01	5.600000e-01	0.000000e+00	0.000000e+00	0.000000e+00
5.600000e-01	5.700000e-01	0.000000e+00	0.000000e+00	0.000000e+00
5.700000e-01	5.800000e-01	0.000000e+00	0.000000e+00	0.000000e+00
5.800000e-01	5.900000e-01	0.000000e+00	0.000000e+00	0.000000e+00
5.900000e-01	6.000000e-01	0.000000e+00	0.000000e+00	0.000000e+00
6.000000e-01	6.100000e-01	0.000000e+00	0.000000e+00	0.000000e+00
6.100000e-01	6.200000e-01	0.000000e+00	0.000000e+00	0.000000e+00
6.200000e-01	6.300000e-01	0.000000e+00	0.000000e+00	0.000000e+00
6.300000e-01	6.400000e-01	0.000000e+00	0.000000e+00	0.000000e+00
6.400000e-01	6.500000e-01	0.000000e+00	0.000000e+00	0.000000e+00
6.500000e-01	6.600000e-01	0.000000e+00	0.000000e+00	0.000000e+00
6.600000e-01	6.700000e-01	0.000000e+00	0.000000e+00	0.000000e+00
6.700000e-01	6.800000e-01	0.000000e+00	0.000000e+00	0.000000e+00
6.800000e-01	6.900000e-01	0.000000e+00	0.000000e+00	0.000000e+00
6.900000e-01	7.000000e-01	0.000000e+00	0.000000e+00	0.000000e+00
# END HISTOGRAM

