# BEGIN PLOT
DrawOnly=/nfs/dust/cms/user/shwillia/BTV/Dec14/QCD_Pt-50to80_Tune4C_8TeV_pythia8/BTAG_JET_TRACK_SEL.yoda/BTAG_JET_TRACK_SEL/H_ChargedParticleJetDr_LightJets /nfs/dust/cms/user/shwillia/BTV/Apr15/MC_Pythia8_QCD_Pt-50to80_Tune4C_8TeV/BTAG_JET_TRACK_SEL.yoda/BTAG_JET_TRACK_SEL/H_ChargedParticleJetDr_LightJets
RatioPlotReference=/nfs/dust/cms/user/shwillia/BTV/Dec14/QCD_Pt-50to80_Tune4C_8TeV_pythia8/BTAG_JET_TRACK_SEL.yoda/BTAG_JET_TRACK_SEL/H_ChargedParticleJetDr_LightJets
RatioPlot=1
Legend=1
XLabel=$\Delta R(CP,Jet)$
YLabel=Normalized to Unity
LogY=1
NormalizeToSum=1
# END PLOT

# BEGIN HISTOGRAM /nfs/dust/cms/user/shwillia/BTV/Dec14/QCD_Pt-50to80_Tune4C_8TeV_pythia8/BTAG_JET_TRACK_SEL.yoda/BTAG_JET_TRACK_SEL/H_ChargedParticleJetDr_LightJets
LineColor={[HTML]{EE3311}}
LineStyle=solid
Path=/nfs/dust/cms/user/shwillia/BTV/Dec14/QCD_Pt-50to80_Tune4C_8TeV_pythia8/BTAG_JET_TRACK_SEL.yoda/BTAG_JET_TRACK_SEL/H_ChargedParticleJetDr_LightJets
Rebin=2
ScaledBy=8.4895207054316295e-08
Title=MC History Flavor
XLabel=
YLabel=
# xlow	 xhigh	 val	 errminus	 errplus
0.000000e+00	1.000000e-02	7.679536e-01	2.553342e-03	2.553342e-03
1.000000e-02	2.000000e-02	2.069940e+00	4.191992e-03	4.191992e-03
2.000000e-02	3.000000e-02	2.955550e+00	5.009112e-03	5.009112e-03
3.000000e-02	4.000000e-02	3.518295e+00	5.465221e-03	5.465221e-03
4.000000e-02	5.000000e-02	3.822084e+00	5.696285e-03	5.696285e-03
5.000000e-02	6.000000e-02	3.974794e+00	5.808966e-03	5.808966e-03
6.000000e-02	7.000000e-02	4.015416e+00	5.838575e-03	5.838575e-03
7.000000e-02	8.000000e-02	3.979582e+00	5.812464e-03	5.812464e-03
8.000000e-02	9.000000e-02	3.900655e+00	5.754536e-03	5.754536e-03
9.000000e-02	1.000000e-01	3.788720e+00	5.671368e-03	5.671368e-03
1.000000e-01	1.100000e-01	3.660987e+00	5.574946e-03	5.574946e-03
1.100000e-01	1.200000e-01	3.522811e+00	5.468727e-03	5.468727e-03
1.200000e-01	1.300000e-01	3.378447e+00	5.355502e-03	5.355502e-03
1.300000e-01	1.400000e-01	3.217027e+00	5.225995e-03	5.225995e-03
1.400000e-01	1.500000e-01	3.071228e+00	5.106198e-03	5.106198e-03
1.500000e-01	1.600000e-01	2.932374e+00	4.989434e-03	4.989434e-03
1.600000e-01	1.700000e-01	2.789232e+00	4.866132e-03	4.866132e-03
1.700000e-01	1.800000e-01	2.650182e+00	4.743288e-03	4.743288e-03
1.800000e-01	1.900000e-01	2.514876e+00	4.620616e-03	4.620616e-03
1.900000e-01	2.000000e-01	2.394172e+00	4.508367e-03	4.508367e-03
2.000000e-01	2.100000e-01	2.280404e+00	4.399948e-03	4.399948e-03
2.100000e-01	2.200000e-01	2.150939e+00	4.273224e-03	4.273224e-03
2.200000e-01	2.300000e-01	2.049761e+00	4.171509e-03	4.171509e-03
2.300000e-01	2.400000e-01	1.955298e+00	4.074253e-03	4.074253e-03
2.400000e-01	2.500000e-01	1.865054e+00	3.979123e-03	3.979123e-03
2.500000e-01	2.600000e-01	1.767357e+00	3.873501e-03	3.873501e-03
2.600000e-01	2.700000e-01	1.686477e+00	3.783831e-03	3.783831e-03
2.700000e-01	2.800000e-01	1.607618e+00	3.694308e-03	3.694308e-03
2.800000e-01	2.900000e-01	1.523945e+00	3.596883e-03	3.596883e-03
2.900000e-01	3.000000e-01	1.463203e+00	3.524470e-03	3.524470e-03
3.000000e-01	3.100000e-01	1.398165e+00	3.445250e-03	3.445250e-03
3.100000e-01	3.200000e-01	1.337482e+00	3.369656e-03	3.369656e-03
3.200000e-01	3.300000e-01	1.279609e+00	3.295946e-03	3.295946e-03
3.300000e-01	3.400000e-01	1.225776e+00	3.225872e-03	3.225872e-03
3.400000e-01	3.500000e-01	1.178447e+00	3.162981e-03	3.162981e-03
3.500000e-01	3.600000e-01	1.134718e+00	3.103741e-03	3.103741e-03
3.600000e-01	3.700000e-01	1.085971e+00	3.036342e-03	3.036342e-03
3.700000e-01	3.800000e-01	1.044220e+00	2.977402e-03	2.977402e-03
3.800000e-01	3.900000e-01	1.006959e+00	2.923799e-03	2.923799e-03
3.900000e-01	4.000000e-01	9.634502e-01	2.859935e-03	2.859935e-03
4.000000e-01	4.100000e-01	9.297638e-01	2.809493e-03	2.809493e-03
4.100000e-01	4.200000e-01	8.929872e-01	2.753368e-03	2.753368e-03
4.200000e-01	4.300000e-01	8.523733e-01	2.690026e-03	2.690026e-03
4.300000e-01	4.400000e-01	8.123028e-01	2.626035e-03	2.626035e-03
4.400000e-01	4.500000e-01	7.651181e-01	2.548624e-03	2.548624e-03
4.500000e-01	4.600000e-01	7.134848e-01	2.461127e-03	2.461127e-03
4.600000e-01	4.700000e-01	6.426737e-01	2.335806e-03	2.335806e-03
4.700000e-01	4.800000e-01	5.672783e-01	2.194521e-03	2.194521e-03
4.800000e-01	4.900000e-01	4.740209e-01	2.006043e-03	2.006043e-03
4.900000e-01	5.000000e-01	4.208171e-01	1.890115e-03	1.890115e-03
5.000000e-01	5.100000e-01	0.000000e+00	0.000000e+00	0.000000e+00
5.100000e-01	5.200000e-01	0.000000e+00	0.000000e+00	0.000000e+00
5.200000e-01	5.300000e-01	0.000000e+00	0.000000e+00	0.000000e+00
5.300000e-01	5.400000e-01	0.000000e+00	0.000000e+00	0.000000e+00
5.400000e-01	5.500000e-01	0.000000e+00	0.000000e+00	0.000000e+00
5.500000e-01	5.600000e-01	0.000000e+00	0.000000e+00	0.000000e+00
5.600000e-01	5.700000e-01	0.000000e+00	0.000000e+00	0.000000e+00
5.700000e-01	5.800000e-01	0.000000e+00	0.000000e+00	0.000000e+00
5.800000e-01	5.900000e-01	0.000000e+00	0.000000e+00	0.000000e+00
5.900000e-01	6.000000e-01	0.000000e+00	0.000000e+00	0.000000e+00
6.000000e-01	6.100000e-01	0.000000e+00	0.000000e+00	0.000000e+00
6.100000e-01	6.200000e-01	0.000000e+00	0.000000e+00	0.000000e+00
6.200000e-01	6.300000e-01	0.000000e+00	0.000000e+00	0.000000e+00
6.300000e-01	6.400000e-01	0.000000e+00	0.000000e+00	0.000000e+00
6.400000e-01	6.500000e-01	0.000000e+00	0.000000e+00	0.000000e+00
6.500000e-01	6.600000e-01	0.000000e+00	0.000000e+00	0.000000e+00
6.600000e-01	6.700000e-01	0.000000e+00	0.000000e+00	0.000000e+00
6.700000e-01	6.800000e-01	0.000000e+00	0.000000e+00	0.000000e+00
6.800000e-01	6.900000e-01	0.000000e+00	0.000000e+00	0.000000e+00
6.900000e-01	7.000000e-01	0.000000e+00	0.000000e+00	0.000000e+00
# END HISTOGRAM

# BEGIN HISTOGRAM /nfs/dust/cms/user/shwillia/BTV/Apr15/MC_Pythia8_QCD_Pt-50to80_Tune4C_8TeV/BTAG_JET_TRACK_SEL.yoda/BTAG_JET_TRACK_SEL/H_ChargedParticleJetDr_LightJets
LineColor={[HTML]{3366FF}}
LineStyle=solid
Path=/nfs/dust/cms/user/shwillia/BTV/Apr15/MC_Pythia8_QCD_Pt-50to80_Tune4C_8TeV/BTAG_JET_TRACK_SEL.yoda/BTAG_JET_TRACK_SEL/H_ChargedParticleJetDr_LightJets
Rebin=2
Title=Ghost Hadron Flavor
XLabel=
YLabel=
# xlow	 xhigh	 val	 errminus	 errplus
0.000000e+00	1.000000e-02	9.262700e+06	3.043468e+04	3.043468e+04
1.000000e-02	2.000000e-02	2.493960e+07	4.993956e+04	4.993956e+04
2.000000e-02	3.000000e-02	3.562360e+07	5.968551e+04	5.968551e+04
3.000000e-02	4.000000e-02	4.242510e+07	6.513455e+04	6.513455e+04
4.000000e-02	5.000000e-02	4.610110e+07	6.789779e+04	6.789779e+04
5.000000e-02	6.000000e-02	4.794090e+07	6.923937e+04	6.923937e+04
6.000000e-02	7.000000e-02	4.845810e+07	6.961185e+04	6.961185e+04
7.000000e-02	8.000000e-02	4.801680e+07	6.929416e+04	6.929416e+04
8.000000e-02	9.000000e-02	4.708100e+07	6.861560e+04	6.861560e+04
9.000000e-02	1.000000e-01	4.572830e+07	6.762270e+04	6.762270e+04
1.000000e-01	1.100000e-01	4.417900e+07	6.646729e+04	6.646729e+04
1.100000e-01	1.200000e-01	4.252300e+07	6.520966e+04	6.520966e+04
1.200000e-01	1.300000e-01	4.077540e+07	6.385562e+04	6.385562e+04
1.300000e-01	1.400000e-01	3.881240e+07	6.229960e+04	6.229960e+04
1.400000e-01	1.500000e-01	3.706100e+07	6.087775e+04	6.087775e+04
1.500000e-01	1.600000e-01	3.539370e+07	5.949260e+04	5.949260e+04
1.600000e-01	1.700000e-01	3.367680e+07	5.803172e+04	5.803172e+04
1.700000e-01	1.800000e-01	3.197990e+07	5.655077e+04	5.655077e+04
1.800000e-01	1.900000e-01	3.036410e+07	5.510363e+04	5.510363e+04
1.900000e-01	2.000000e-01	2.890040e+07	5.375909e+04	5.375909e+04
2.000000e-01	2.100000e-01	2.753350e+07	5.247237e+04	5.247237e+04
2.100000e-01	2.200000e-01	2.598000e+07	5.097058e+04	5.097058e+04
2.200000e-01	2.300000e-01	2.475190e+07	4.975128e+04	4.975128e+04
2.300000e-01	2.400000e-01	2.362670e+07	4.860730e+04	4.860730e+04
2.400000e-01	2.500000e-01	2.253720e+07	4.747336e+04	4.747336e+04
2.500000e-01	2.600000e-01	2.137310e+07	4.623105e+04	4.623105e+04
2.600000e-01	2.700000e-01	2.038940e+07	4.515462e+04	4.515462e+04
2.700000e-01	2.800000e-01	1.943820e+07	4.408877e+04	4.408877e+04
2.800000e-01	2.900000e-01	1.842810e+07	4.292796e+04	4.292796e+04
2.900000e-01	3.000000e-01	1.766060e+07	4.202452e+04	4.202452e+04
3.000000e-01	3.100000e-01	2.000000e+02	1.414214e+02	1.414214e+02
3.100000e-01	3.200000e-01	0.000000e+00	0.000000e+00	0.000000e+00
3.200000e-01	3.300000e-01	0.000000e+00	0.000000e+00	0.000000e+00
3.300000e-01	3.400000e-01	0.000000e+00	0.000000e+00	0.000000e+00
3.400000e-01	3.500000e-01	0.000000e+00	0.000000e+00	0.000000e+00
3.500000e-01	3.600000e-01	0.000000e+00	0.000000e+00	0.000000e+00
3.600000e-01	3.700000e-01	0.000000e+00	0.000000e+00	0.000000e+00
3.700000e-01	3.800000e-01	0.000000e+00	0.000000e+00	0.000000e+00
3.800000e-01	3.900000e-01	0.000000e+00	0.000000e+00	0.000000e+00
3.900000e-01	4.000000e-01	0.000000e+00	0.000000e+00	0.000000e+00
4.000000e-01	4.100000e-01	0.000000e+00	0.000000e+00	0.000000e+00
4.100000e-01	4.200000e-01	0.000000e+00	0.000000e+00	0.000000e+00
4.200000e-01	4.300000e-01	0.000000e+00	0.000000e+00	0.000000e+00
4.300000e-01	4.400000e-01	0.000000e+00	0.000000e+00	0.000000e+00
4.400000e-01	4.500000e-01	0.000000e+00	0.000000e+00	0.000000e+00
4.500000e-01	4.600000e-01	0.000000e+00	0.000000e+00	0.000000e+00
4.600000e-01	4.700000e-01	0.000000e+00	0.000000e+00	0.000000e+00
4.700000e-01	4.800000e-01	0.000000e+00	0.000000e+00	0.000000e+00
4.800000e-01	4.900000e-01	0.000000e+00	0.000000e+00	0.000000e+00
4.900000e-01	5.000000e-01	0.000000e+00	0.000000e+00	0.000000e+00
5.000000e-01	5.100000e-01	0.000000e+00	0.000000e+00	0.000000e+00
5.100000e-01	5.200000e-01	0.000000e+00	0.000000e+00	0.000000e+00
5.200000e-01	5.300000e-01	0.000000e+00	0.000000e+00	0.000000e+00
5.300000e-01	5.400000e-01	0.000000e+00	0.000000e+00	0.000000e+00
5.400000e-01	5.500000e-01	0.000000e+00	0.000000e+00	0.000000e+00
5.500000e-01	5.600000e-01	0.000000e+00	0.000000e+00	0.000000e+00
5.600000e-01	5.700000e-01	0.000000e+00	0.000000e+00	0.000000e+00
5.700000e-01	5.800000e-01	0.000000e+00	0.000000e+00	0.000000e+00
5.800000e-01	5.900000e-01	0.000000e+00	0.000000e+00	0.000000e+00
5.900000e-01	6.000000e-01	0.000000e+00	0.000000e+00	0.000000e+00
6.000000e-01	6.100000e-01	0.000000e+00	0.000000e+00	0.000000e+00
6.100000e-01	6.200000e-01	0.000000e+00	0.000000e+00	0.000000e+00
6.200000e-01	6.300000e-01	0.000000e+00	0.000000e+00	0.000000e+00
6.300000e-01	6.400000e-01	0.000000e+00	0.000000e+00	0.000000e+00
6.400000e-01	6.500000e-01	0.000000e+00	0.000000e+00	0.000000e+00
6.500000e-01	6.600000e-01	0.000000e+00	0.000000e+00	0.000000e+00
6.600000e-01	6.700000e-01	0.000000e+00	0.000000e+00	0.000000e+00
6.700000e-01	6.800000e-01	0.000000e+00	0.000000e+00	0.000000e+00
6.800000e-01	6.900000e-01	0.000000e+00	0.000000e+00	0.000000e+00
6.900000e-01	7.000000e-01	0.000000e+00	0.000000e+00	0.000000e+00
# END HISTOGRAM

