# BEGIN PLOT
DrawOnly=/nfs/dust/cms/user/shwillia/BTV/Dec14/QCD_Pt-50to80_Tune4C_8TeV_pythia8/BTAG_JET_TRACK_SEL.yoda/BTAG_JET_TRACK_SEL/I_ChargedParticlePVD_AllJets /nfs/dust/cms/user/shwillia/BTV/Apr15/MC_Pythia8_QCD_Pt-50to80_Tune4C_8TeV/BTAG_JET_TRACK_SEL.yoda/BTAG_JET_TRACK_SEL/I_ChargedParticlePVD_AllJets
RatioPlotReference=/nfs/dust/cms/user/shwillia/BTV/Dec14/QCD_Pt-50to80_Tune4C_8TeV_pythia8/BTAG_JET_TRACK_SEL.yoda/BTAG_JET_TRACK_SEL/I_ChargedParticlePVD_AllJets
RatioPlot=1
Legend=1
XLabel=$d(CP,PV)$
YLabel=Normalized to Unity
LogY=1
NormalizeToSum=1
# END PLOT

# BEGIN HISTOGRAM /nfs/dust/cms/user/shwillia/BTV/Dec14/QCD_Pt-50to80_Tune4C_8TeV_pythia8/BTAG_JET_TRACK_SEL.yoda/BTAG_JET_TRACK_SEL/I_ChargedParticlePVD_AllJets
LineColor={[HTML]{EE3311}}
LineStyle=solid
Path=/nfs/dust/cms/user/shwillia/BTV/Dec14/QCD_Pt-50to80_Tune4C_8TeV_pythia8/BTAG_JET_TRACK_SEL.yoda/BTAG_JET_TRACK_SEL/I_ChargedParticlePVD_AllJets
ScaledBy=7.3217735707843073e-08
Title=MC History Flavor
XLabel=
YLabel=
# xlow	 xhigh	 val	 errminus	 errplus
0.000000e+00	1.000000e-01	9.761834e+00	2.673461e-03	2.673461e-03
1.000000e-01	2.000000e-01	8.085874e-02	2.433165e-04	2.433165e-04
2.000000e-01	3.000000e-01	4.575157e-02	1.830253e-04	1.830253e-04
3.000000e-01	4.000000e-01	2.936178e-02	1.466221e-04	1.466221e-04
4.000000e-01	5.000000e-01	2.019711e-02	1.216054e-04	1.216054e-04
5.000000e-01	6.000000e-01	1.456447e-02	1.032656e-04	1.032656e-04
6.000000e-01	7.000000e-01	1.067295e-02	8.839962e-05	8.839962e-05
7.000000e-01	8.000000e-01	7.870174e-03	7.591023e-05	7.591023e-05
8.000000e-01	9.000000e-01	5.994336e-03	6.624890e-05	6.624890e-05
9.000000e-01	1.000000e+00	4.606128e-03	5.807325e-05	5.807325e-05
1.000000e+00	1.100000e+00	3.616956e-03	5.146118e-05	5.146118e-05
1.100000e+00	1.200000e+00	2.848170e-03	4.566581e-05	4.566581e-05
1.200000e+00	1.300000e+00	2.299037e-03	4.102808e-05	4.102808e-05
1.300000e+00	1.400000e+00	1.905858e-03	3.735540e-05	3.735540e-05
1.400000e+00	1.500000e+00	1.565395e-03	3.385479e-05	3.385479e-05
1.500000e+00	1.600000e+00	1.300347e-03	3.085587e-05	3.085587e-05
1.600000e+00	1.700000e+00	1.080694e-03	2.812934e-05	2.812934e-05
1.700000e+00	1.800000e+00	9.079000e-04	2.578263e-05	2.578263e-05
1.800000e+00	1.900000e+00	7.621966e-04	2.362336e-05	2.362336e-05
1.900000e+00	2.000000e+00	5.798845e-04	2.060530e-05	2.060530e-05
2.000000e+00	2.100000e+00	3.924471e-04	1.695113e-05	1.695113e-05
2.100000e+00	2.200000e+00	2.635838e-04	1.389209e-05	1.389209e-05
2.200000e+00	2.300000e+00	1.940270e-04	1.191898e-05	1.191898e-05
2.300000e+00	2.400000e+00	1.310597e-04	9.795865e-06	9.795865e-06
2.400000e+00	2.500000e+00	8.712911e-05	7.987112e-06	7.987112e-06
2.500000e+00	2.600000e+00	6.809250e-05	7.060863e-06	7.060863e-06
2.600000e+00	2.700000e+00	5.637766e-05	6.424830e-06	6.424830e-06
2.700000e+00	2.800000e+00	5.125242e-05	6.125835e-06	6.125835e-06
2.800000e+00	2.900000e+00	3.514451e-05	5.072674e-06	5.072674e-06
2.900000e+00	3.000000e+00	2.489403e-05	4.269292e-06	4.269292e-06
3.000000e+00	3.100000e+00	1.903661e-05	3.733387e-06	3.733387e-06
3.100000e+00	3.200000e+00	1.244701e-05	3.018844e-06	3.018844e-06
3.200000e+00	3.300000e+00	1.757226e-05	3.586922e-06	3.586922e-06
3.300000e+00	3.400000e+00	6.589596e-06	2.196532e-06	2.196532e-06
3.400000e+00	3.500000e+00	6.589596e-06	2.196532e-06	2.196532e-06
3.500000e+00	3.600000e+00	3.660887e-06	1.637198e-06	1.637198e-06
3.600000e+00	3.700000e+00	5.857419e-06	2.070910e-06	2.070910e-06
3.700000e+00	3.800000e+00	7.321774e-06	2.315348e-06	2.315348e-06
3.800000e+00	3.900000e+00	5.125241e-06	1.937159e-06	1.937159e-06
3.900000e+00	4.000000e+00	3.660887e-06	1.637199e-06	1.637199e-06
4.000000e+00	4.100000e+00	3.660886e-06	1.637198e-06	1.637198e-06
4.100000e+00	4.200000e+00	5.857418e-06	2.070910e-06	2.070910e-06
4.200000e+00	4.300000e+00	1.464355e-06	1.035455e-06	1.035455e-06
4.300000e+00	4.400000e+00	1.464355e-06	1.035455e-06	1.035455e-06
4.400000e+00	4.500000e+00	0.000000e+00	0.000000e+00	0.000000e+00
4.500000e+00	4.600000e+00	7.321772e-07	7.321774e-07	7.321774e-07
4.600000e+00	4.700000e+00	2.196532e-06	1.268168e-06	1.268168e-06
4.700000e+00	4.800000e+00	7.321771e-07	7.321774e-07	7.321774e-07
4.800000e+00	4.900000e+00	2.196532e-06	1.268168e-06	1.268168e-06
4.900000e+00	5.000000e+00	1.464354e-06	1.035455e-06	1.035455e-06
# END HISTOGRAM

# BEGIN HISTOGRAM /nfs/dust/cms/user/shwillia/BTV/Apr15/MC_Pythia8_QCD_Pt-50to80_Tune4C_8TeV/BTAG_JET_TRACK_SEL.yoda/BTAG_JET_TRACK_SEL/I_ChargedParticlePVD_AllJets
LineColor={[HTML]{3366FF}}
LineStyle=solid
Path=/nfs/dust/cms/user/shwillia/BTV/Apr15/MC_Pythia8_QCD_Pt-50to80_Tune4C_8TeV/BTAG_JET_TRACK_SEL.yoda/BTAG_JET_TRACK_SEL/I_ChargedParticlePVD_AllJets
Title=Ghost Hadron Flavor
XLabel=
YLabel=
# xlow	 xhigh	 val	 errminus	 errplus
0.000000e+00	2.000000e-01	5.358070e+07	1.636776e+04	1.636776e+04
2.000000e-01	4.000000e-01	4.695900e+05	1.532302e+03	1.532302e+03
4.000000e-01	6.000000e-01	2.436300e+05	1.103698e+03	1.103698e+03
6.000000e-01	8.000000e-01	1.457950e+05	8.538003e+02	8.538003e+02
8.000000e-01	1.000000e+00	8.544000e+04	6.536054e+02	6.536054e+02
1.000000e+00	1.200000e+00	5.533500e+04	5.259990e+02	5.259990e+02
1.200000e+00	1.400000e+00	3.881000e+04	4.405111e+02	4.405111e+02
1.400000e+00	1.600000e+00	2.690500e+04	3.667765e+02	3.667765e+02
1.600000e+00	1.800000e+00	2.032500e+04	3.187868e+02	3.187868e+02
1.800000e+00	2.000000e+00	1.476000e+04	2.716616e+02	2.716616e+02
2.000000e+00	2.200000e+00	8.055000e+03	2.006863e+02	2.006863e+02
2.200000e+00	2.400000e+00	4.505000e+03	1.500833e+02	1.500833e+02
2.400000e+00	2.600000e+00	2.585000e+03	1.136882e+02	1.136882e+02
2.600000e+00	2.800000e+00	1.910000e+03	9.772410e+01	9.772410e+01
2.800000e+00	3.000000e+00	1.145000e+03	7.566373e+01	7.566373e+01
3.000000e+00	3.200000e+00	9.350000e+02	6.837397e+01	6.837397e+01
3.200000e+00	3.400000e+00	6.100000e+02	5.522681e+01	5.522681e+01
3.400000e+00	3.600000e+00	5.000000e+02	5.000000e+01	5.000000e+01
3.600000e+00	3.800000e+00	4.400000e+02	4.690416e+01	4.690416e+01
3.800000e+00	4.000000e+00	2.450000e+02	3.500000e+01	3.500000e+01
4.000000e+00	4.200000e+00	2.550000e+02	3.570714e+01	3.570714e+01
4.200000e+00	4.400000e+00	2.150000e+02	3.278719e+01	3.278719e+01
4.400000e+00	4.600000e+00	1.300000e+02	2.549510e+01	2.549510e+01
4.600000e+00	4.800000e+00	1.350000e+02	2.598076e+01	2.598076e+01
4.800000e+00	5.000000e+00	1.000000e+02	2.236068e+01	2.236068e+01
5.000000e+00	5.200000e+00	1.450000e+02	2.692582e+01	2.692582e+01
5.200000e+00	5.400000e+00	9.500000e+01	2.179449e+01	2.179449e+01
5.400000e+00	5.600000e+00	1.000000e+02	2.236068e+01	2.236068e+01
5.600000e+00	5.800000e+00	4.500000e+01	1.500000e+01	1.500000e+01
5.800000e+00	6.000000e+00	6.000000e+01	1.732051e+01	1.732051e+01
6.000000e+00	6.200000e+00	4.000000e+01	1.414214e+01	1.414214e+01
6.200000e+00	6.400000e+00	4.000000e+01	1.414214e+01	1.414214e+01
6.400000e+00	6.600000e+00	1.500000e+01	8.660254e+00	8.660254e+00
6.600000e+00	6.800000e+00	2.000000e+01	1.000000e+01	1.000000e+01
6.800000e+00	7.000000e+00	2.500000e+01	1.118034e+01	1.118034e+01
7.000000e+00	7.200000e+00	2.000000e+01	1.000000e+01	1.000000e+01
7.200000e+00	7.400000e+00	1.000000e+01	7.071068e+00	7.071068e+00
7.400000e+00	7.600000e+00	1.500000e+01	8.660254e+00	8.660254e+00
7.600000e+00	7.800000e+00	1.000000e+01	7.071068e+00	7.071068e+00
7.800000e+00	8.000000e+00	1.500000e+01	8.660254e+00	8.660254e+00
8.000000e+00	8.200000e+00	5.000000e+00	5.000000e+00	5.000000e+00
8.200000e+00	8.400000e+00	1.000000e+01	7.071068e+00	7.071068e+00
8.400000e+00	8.600000e+00	5.000000e+00	5.000000e+00	5.000000e+00
8.600000e+00	8.800000e+00	1.000000e+01	7.071068e+00	7.071068e+00
8.800000e+00	9.000000e+00	0.000000e+00	0.000000e+00	0.000000e+00
9.000000e+00	9.200000e+00	5.000000e+00	5.000000e+00	5.000000e+00
9.200000e+00	9.400000e+00	0.000000e+00	0.000000e+00	0.000000e+00
9.400000e+00	9.600000e+00	1.000000e+01	7.071068e+00	7.071068e+00
9.600000e+00	9.800000e+00	1.000000e+01	7.071068e+00	7.071068e+00
9.800000e+00	1.000000e+01	5.000000e+00	5.000000e+00	5.000000e+00
# END HISTOGRAM

