# BEGIN PLOT
DrawOnly=/nfs/dust/cms/user/shwillia/BTV/Dec14/QCD_Pt-50to80_Tune4C_8TeV_pythia8/BTAG_JET_TRACK_SEL.yoda/BTAG_JET_TRACK_SEL/J_ChargedParticlePVDxy_LightJets /nfs/dust/cms/user/shwillia/BTV/Apr15/MC_Pythia8_QCD_Pt-50to80_Tune4C_8TeV/BTAG_JET_TRACK_SEL.yoda/BTAG_JET_TRACK_SEL/J_ChargedParticlePVDxy_LightJets
RatioPlotReference=/nfs/dust/cms/user/shwillia/BTV/Dec14/QCD_Pt-50to80_Tune4C_8TeV_pythia8/BTAG_JET_TRACK_SEL.yoda/BTAG_JET_TRACK_SEL/J_ChargedParticlePVDxy_LightJets
RatioPlot=1
Legend=1
XLabel=$d_{xy}(CP,PV)$
YLabel=Normalized to Unity
LogY=1
NormalizeToSum=1
# END PLOT

# BEGIN HISTOGRAM /nfs/dust/cms/user/shwillia/BTV/Dec14/QCD_Pt-50to80_Tune4C_8TeV_pythia8/BTAG_JET_TRACK_SEL.yoda/BTAG_JET_TRACK_SEL/J_ChargedParticlePVDxy_LightJets
LineColor={[HTML]{EE3311}}
LineStyle=solid
Path=/nfs/dust/cms/user/shwillia/BTV/Dec14/QCD_Pt-50to80_Tune4C_8TeV_pythia8/BTAG_JET_TRACK_SEL.yoda/BTAG_JET_TRACK_SEL/J_ChargedParticlePVDxy_LightJets
ScaledBy=8.4895207054316295e-08
Title=MC History Flavor
XLabel=
YLabel=
# xlow	 xhigh	 val	 errminus	 errplus
0.000000e+00	5.000000e-02	1.999930e+01	5.827255e-03	5.827255e-03
5.000000e-02	1.000000e-01	2.241234e-04	1.950743e-05	1.950743e-05
1.000000e-01	1.500000e-01	9.847844e-05	1.293085e-05	1.293085e-05
1.500000e-01	2.000000e-01	7.470778e-05	1.126262e-05	1.126262e-05
2.000000e-01	2.500000e-01	7.300988e-05	1.113390e-05	1.113390e-05
2.500000e-01	3.000000e-01	4.754132e-05	8.984464e-06	8.984464e-06
3.000000e-01	3.500000e-01	2.886436e-05	7.000637e-06	7.000637e-06
3.500000e-01	4.000000e-01	3.226018e-05	7.400992e-06	7.400992e-06
4.000000e-01	4.500000e-01	2.037486e-05	5.881712e-06	5.881712e-06
4.500000e-01	5.000000e-01	2.207276e-05	6.121880e-06	6.121880e-06
5.000000e-01	5.500000e-01	3.395808e-06	2.401199e-06	2.401199e-06
5.500000e-01	6.000000e-01	1.528114e-05	5.093713e-06	5.093713e-06
6.000000e-01	6.500000e-01	1.528114e-05	5.093713e-06	5.093713e-06
6.500000e-01	7.000000e-01	6.791616e-06	3.395809e-06	3.395809e-06
7.000000e-01	7.500000e-01	8.489520e-06	3.796629e-06	3.796629e-06
7.500000e-01	8.000000e-01	6.791616e-06	3.395808e-06	3.395808e-06
8.000000e-01	8.500000e-01	1.697904e-06	1.697904e-06	1.697904e-06
8.500000e-01	9.000000e-01	3.395808e-06	2.401199e-06	2.401199e-06
9.000000e-01	9.500000e-01	5.093712e-06	2.940856e-06	2.940856e-06
9.500000e-01	1.000000e+00	0.000000e+00	0.000000e+00	0.000000e+00
1.000000e+00	1.050000e+00	1.697904e-06	1.697904e-06	1.697904e-06
1.050000e+00	1.100000e+00	1.697904e-06	1.697904e-06	1.697904e-06
1.100000e+00	1.150000e+00	1.697904e-06	1.697904e-06	1.697904e-06
1.150000e+00	1.200000e+00	0.000000e+00	0.000000e+00	0.000000e+00
1.200000e+00	1.250000e+00	1.697904e-06	1.697904e-06	1.697904e-06
1.250000e+00	1.300000e+00	1.697904e-06	1.697904e-06	1.697904e-06
1.300000e+00	1.350000e+00	0.000000e+00	0.000000e+00	0.000000e+00
1.350000e+00	1.400000e+00	1.697904e-06	1.697904e-06	1.697904e-06
1.400000e+00	1.450000e+00	0.000000e+00	0.000000e+00	0.000000e+00
1.450000e+00	1.500000e+00	0.000000e+00	0.000000e+00	0.000000e+00
1.500000e+00	1.550000e+00	0.000000e+00	0.000000e+00	0.000000e+00
1.550000e+00	1.600000e+00	1.697904e-06	1.697904e-06	1.697904e-06
1.600000e+00	1.650000e+00	0.000000e+00	0.000000e+00	0.000000e+00
1.650000e+00	1.700000e+00	0.000000e+00	0.000000e+00	0.000000e+00
1.700000e+00	1.750000e+00	0.000000e+00	0.000000e+00	0.000000e+00
1.750000e+00	1.800000e+00	0.000000e+00	0.000000e+00	0.000000e+00
1.800000e+00	1.850000e+00	0.000000e+00	0.000000e+00	0.000000e+00
1.850000e+00	1.900000e+00	0.000000e+00	0.000000e+00	0.000000e+00
1.900000e+00	1.950000e+00	0.000000e+00	0.000000e+00	0.000000e+00
1.950000e+00	2.000000e+00	0.000000e+00	0.000000e+00	0.000000e+00
2.000000e+00	2.050000e+00	0.000000e+00	0.000000e+00	0.000000e+00
2.050000e+00	2.100000e+00	0.000000e+00	0.000000e+00	0.000000e+00
2.100000e+00	2.150000e+00	0.000000e+00	0.000000e+00	0.000000e+00
2.150000e+00	2.200000e+00	0.000000e+00	0.000000e+00	0.000000e+00
2.200000e+00	2.250000e+00	0.000000e+00	0.000000e+00	0.000000e+00
2.250000e+00	2.300000e+00	0.000000e+00	0.000000e+00	0.000000e+00
2.300000e+00	2.350000e+00	0.000000e+00	0.000000e+00	0.000000e+00
2.350000e+00	2.400000e+00	0.000000e+00	0.000000e+00	0.000000e+00
2.400000e+00	2.450000e+00	0.000000e+00	0.000000e+00	0.000000e+00
2.450000e+00	2.500000e+00	0.000000e+00	0.000000e+00	0.000000e+00
2.500000e+00	2.550000e+00	0.000000e+00	0.000000e+00	0.000000e+00
2.550000e+00	2.600000e+00	0.000000e+00	0.000000e+00	0.000000e+00
2.600000e+00	2.650000e+00	0.000000e+00	0.000000e+00	0.000000e+00
2.650000e+00	2.700000e+00	0.000000e+00	0.000000e+00	0.000000e+00
2.700000e+00	2.750000e+00	0.000000e+00	0.000000e+00	0.000000e+00
2.750000e+00	2.800000e+00	0.000000e+00	0.000000e+00	0.000000e+00
2.800000e+00	2.850000e+00	0.000000e+00	0.000000e+00	0.000000e+00
2.850000e+00	2.900000e+00	0.000000e+00	0.000000e+00	0.000000e+00
2.900000e+00	2.950000e+00	0.000000e+00	0.000000e+00	0.000000e+00
2.950000e+00	3.000000e+00	0.000000e+00	0.000000e+00	0.000000e+00
# END HISTOGRAM

# BEGIN HISTOGRAM /nfs/dust/cms/user/shwillia/BTV/Apr15/MC_Pythia8_QCD_Pt-50to80_Tune4C_8TeV/BTAG_JET_TRACK_SEL.yoda/BTAG_JET_TRACK_SEL/J_ChargedParticlePVDxy_LightJets
LineColor={[HTML]{3366FF}}
LineStyle=solid
Path=/nfs/dust/cms/user/shwillia/BTV/Apr15/MC_Pythia8_QCD_Pt-50to80_Tune4C_8TeV/BTAG_JET_TRACK_SEL.yoda/BTAG_JET_TRACK_SEL/J_ChargedParticlePVDxy_LightJets
Title=Ghost Hadron Flavor
XLabel=
YLabel=
# xlow	 xhigh	 val	 errminus	 errplus
0.000000e+00	5.000000e-02	1.954733e+08	6.252573e+04	6.252573e+04
5.000000e-02	1.000000e-01	7.720000e+04	1.242578e+03	1.242578e+03
1.000000e-01	1.500000e-01	5.918000e+04	1.087934e+03	1.087934e+03
1.500000e-01	2.000000e-01	5.338000e+04	1.033247e+03	1.033247e+03
2.000000e-01	2.500000e-01	5.146000e+04	1.014495e+03	1.014495e+03
2.500000e-01	3.000000e-01	4.484000e+04	9.469952e+02	9.469952e+02
3.000000e-01	3.500000e-01	4.258000e+04	9.228218e+02	9.228218e+02
3.500000e-01	4.000000e-01	4.146000e+04	9.106042e+02	9.106042e+02
4.000000e-01	4.500000e-01	3.634000e+04	8.525257e+02	8.525257e+02
4.500000e-01	5.000000e-01	3.264000e+04	8.079604e+02	8.079604e+02
5.000000e-01	5.500000e-01	3.048000e+04	7.807689e+02	7.807689e+02
5.500000e-01	6.000000e-01	2.772000e+04	7.445804e+02	7.445804e+02
6.000000e-01	6.500000e-01	2.510000e+04	7.085196e+02	7.085196e+02
6.500000e-01	7.000000e-01	2.256000e+04	6.717142e+02	6.717142e+02
7.000000e-01	7.500000e-01	1.862000e+04	6.102459e+02	6.102459e+02
7.500000e-01	8.000000e-01	1.618000e+04	5.688585e+02	5.688585e+02
8.000000e-01	8.500000e-01	1.298000e+04	5.095096e+02	5.095096e+02
8.500000e-01	9.000000e-01	1.218000e+04	4.935585e+02	4.935585e+02
9.000000e-01	9.500000e-01	1.068000e+04	4.621688e+02	4.621688e+02
9.500000e-01	1.000000e+00	1.082000e+04	4.651881e+02	4.651881e+02
1.000000e+00	1.050000e+00	9.700000e+03	4.404543e+02	4.404543e+02
1.050000e+00	1.100000e+00	8.000000e+03	4.000000e+02	4.000000e+02
1.100000e+00	1.150000e+00	8.300000e+03	4.074310e+02	4.074310e+02
1.150000e+00	1.200000e+00	6.140000e+03	3.504283e+02	3.504283e+02
1.200000e+00	1.250000e+00	6.780000e+03	3.682391e+02	3.682391e+02
1.250000e+00	1.300000e+00	6.320000e+03	3.555278e+02	3.555278e+02
1.300000e+00	1.350000e+00	5.180000e+03	3.218695e+02	3.218695e+02
1.350000e+00	1.400000e+00	5.080000e+03	3.187475e+02	3.187475e+02
1.400000e+00	1.450000e+00	4.720000e+03	3.072458e+02	3.072458e+02
1.450000e+00	1.500000e+00	4.380000e+03	2.959730e+02	2.959730e+02
1.500000e+00	1.550000e+00	3.320000e+03	2.576820e+02	2.576820e+02
1.550000e+00	1.600000e+00	3.780000e+03	2.749545e+02	2.749545e+02
1.600000e+00	1.650000e+00	3.240000e+03	2.545584e+02	2.545584e+02
1.650000e+00	1.700000e+00	3.100000e+03	2.489980e+02	2.489980e+02
1.700000e+00	1.750000e+00	2.460000e+03	2.218107e+02	2.218107e+02
1.750000e+00	1.800000e+00	2.780000e+03	2.357965e+02	2.357965e+02
1.800000e+00	1.850000e+00	2.740000e+03	2.340940e+02	2.340940e+02
1.850000e+00	1.900000e+00	2.060000e+03	2.029778e+02	2.029778e+02
1.900000e+00	1.950000e+00	2.580000e+03	2.271563e+02	2.271563e+02
1.950000e+00	2.000000e+00	1.960000e+03	1.979899e+02	1.979899e+02
2.000000e+00	2.050000e+00	0.000000e+00	0.000000e+00	0.000000e+00
2.050000e+00	2.100000e+00	0.000000e+00	0.000000e+00	0.000000e+00
2.100000e+00	2.150000e+00	0.000000e+00	0.000000e+00	0.000000e+00
2.150000e+00	2.200000e+00	0.000000e+00	0.000000e+00	0.000000e+00
2.200000e+00	2.250000e+00	0.000000e+00	0.000000e+00	0.000000e+00
2.250000e+00	2.300000e+00	0.000000e+00	0.000000e+00	0.000000e+00
2.300000e+00	2.350000e+00	0.000000e+00	0.000000e+00	0.000000e+00
2.350000e+00	2.400000e+00	0.000000e+00	0.000000e+00	0.000000e+00
2.400000e+00	2.450000e+00	0.000000e+00	0.000000e+00	0.000000e+00
2.450000e+00	2.500000e+00	0.000000e+00	0.000000e+00	0.000000e+00
2.500000e+00	2.550000e+00	0.000000e+00	0.000000e+00	0.000000e+00
2.550000e+00	2.600000e+00	0.000000e+00	0.000000e+00	0.000000e+00
2.600000e+00	2.650000e+00	0.000000e+00	0.000000e+00	0.000000e+00
2.650000e+00	2.700000e+00	0.000000e+00	0.000000e+00	0.000000e+00
2.700000e+00	2.750000e+00	0.000000e+00	0.000000e+00	0.000000e+00
2.750000e+00	2.800000e+00	0.000000e+00	0.000000e+00	0.000000e+00
2.800000e+00	2.850000e+00	0.000000e+00	0.000000e+00	0.000000e+00
2.850000e+00	2.900000e+00	0.000000e+00	0.000000e+00	0.000000e+00
2.900000e+00	2.950000e+00	0.000000e+00	0.000000e+00	0.000000e+00
2.950000e+00	3.000000e+00	0.000000e+00	0.000000e+00	0.000000e+00
# END HISTOGRAM

