# BEGIN PLOT
DrawOnly=/nfs/dust/cms/user/shwillia/BTV/Dec14/QCD_Pt-50to80_Tune4C_8TeV_pythia8/BTAG_JET_TRACK_SEL.yoda/BTAG_JET_TRACK_SEL/J_ChargedParticlePVDxy_BottomJets /nfs/dust/cms/user/shwillia/BTV/Apr15/MC_Pythia8_QCD_Pt-50to80_Tune4C_8TeV/BTAG_JET_TRACK_SEL.yoda/BTAG_JET_TRACK_SEL/J_ChargedParticlePVDxy_BottomJets
RatioPlotReference=/nfs/dust/cms/user/shwillia/BTV/Dec14/QCD_Pt-50to80_Tune4C_8TeV_pythia8/BTAG_JET_TRACK_SEL.yoda/BTAG_JET_TRACK_SEL/J_ChargedParticlePVDxy_BottomJets
RatioPlot=1
Legend=1
XLabel=$d_{xy}(CP,PV)$
YLabel=Normalized to Unity
LogY=1
NormalizeToSum=1
# END PLOT

# BEGIN HISTOGRAM /nfs/dust/cms/user/shwillia/BTV/Dec14/QCD_Pt-50to80_Tune4C_8TeV_pythia8/BTAG_JET_TRACK_SEL.yoda/BTAG_JET_TRACK_SEL/J_ChargedParticlePVDxy_BottomJets
LineColor={[HTML]{EE3311}}
LineStyle=solid
Path=/nfs/dust/cms/user/shwillia/BTV/Dec14/QCD_Pt-50to80_Tune4C_8TeV_pythia8/BTAG_JET_TRACK_SEL.yoda/BTAG_JET_TRACK_SEL/J_ChargedParticlePVDxy_BottomJets
ScaledBy=1.8750433603777087e-06
Title=MC History Flavor
XLabel=
YLabel=
# xlow	 xhigh	 val	 errminus	 errplus
0.000000e+00	5.000000e-02	1.139153e+01	2.066862e-02	2.066862e-02
5.000000e-02	1.000000e-01	1.469621e+00	7.423751e-03	7.423751e-03
1.000000e-01	1.500000e-01	1.150714e+00	6.569076e-03	6.569076e-03
1.500000e-01	2.000000e-01	9.203462e-01	5.874843e-03	5.874843e-03
2.000000e-01	2.500000e-01	7.398922e-01	5.267504e-03	5.267504e-03
2.500000e-01	3.000000e-01	6.250270e-01	4.841389e-03	4.841389e-03
3.000000e-01	3.500000e-01	5.155620e-01	4.397047e-03	4.397047e-03
3.500000e-01	4.000000e-01	4.279974e-01	4.006279e-03	4.006279e-03
4.000000e-01	4.500000e-01	3.607584e-01	3.678145e-03	3.678145e-03
4.500000e-01	5.000000e-01	3.101322e-01	3.410311e-03	3.410311e-03
5.000000e-01	5.500000e-01	2.711688e-01	3.188897e-03	3.188897e-03
5.500000e-01	6.000000e-01	2.247802e-01	2.903352e-03	2.903352e-03
6.000000e-01	6.500000e-01	1.979296e-01	2.724432e-03	2.724432e-03
6.500000e-01	7.000000e-01	1.690164e-01	2.517590e-03	2.517590e-03
7.000000e-01	7.500000e-01	1.429908e-01	2.315660e-03	2.315660e-03
7.500000e-01	8.000000e-01	1.272404e-01	2.184406e-03	2.184406e-03
8.000000e-01	8.500000e-01	1.113776e-01	2.043711e-03	2.043711e-03
8.500000e-01	9.000000e-01	9.817728e-02	1.918784e-03	1.918784e-03
9.000000e-01	9.500000e-01	8.501446e-02	1.785530e-03	1.785530e-03
9.500000e-01	1.000000e+00	7.440172e-02	1.670368e-03	1.670368e-03
1.000000e+00	1.050000e+00	6.877660e-02	1.605983e-03	1.605983e-03
1.050000e+00	1.100000e+00	5.685132e-02	1.460128e-03	1.460128e-03
1.100000e+00	1.150000e+00	5.381374e-02	1.420585e-03	1.420585e-03
1.150000e+00	1.200000e+00	4.980116e-02	1.366597e-03	1.366597e-03
1.200000e+00	1.250000e+00	4.211348e-02	1.256699e-03	1.256699e-03
1.250000e+00	1.300000e+00	3.622584e-02	1.165547e-03	1.165547e-03
1.300000e+00	1.350000e+00	3.648834e-02	1.169763e-03	1.169763e-03
1.350000e+00	1.400000e+00	3.108822e-02	1.079738e-03	1.079738e-03
1.400000e+00	1.450000e+00	2.797564e-02	1.024261e-03	1.024261e-03
1.450000e+00	1.500000e+00	2.591310e-02	9.857807e-04	9.857807e-04
1.500000e+00	1.550000e+00	2.280052e-02	9.246835e-04	9.246835e-04
1.550000e+00	1.600000e+00	2.081298e-02	8.834618e-04	8.834618e-04
1.600000e+00	1.650000e+00	2.021296e-02	8.706340e-04	8.706340e-04
1.650000e+00	1.700000e+00	1.590037e-02	7.721901e-04	7.721901e-04
1.700000e+00	1.750000e+00	1.586287e-02	7.712789e-04	7.712789e-04
1.750000e+00	1.800000e+00	1.473784e-02	7.434259e-04	7.434259e-04
1.800000e+00	1.850000e+00	1.353781e-02	7.125164e-04	7.125164e-04
1.850000e+00	1.900000e+00	1.218778e-02	6.760565e-04	6.760565e-04
1.900000e+00	1.950000e+00	1.068775e-02	6.330874e-04	6.330874e-04
1.950000e+00	2.000000e+00	1.053774e-02	6.286291e-04	6.286291e-04
2.000000e+00	2.050000e+00	0.000000e+00	0.000000e+00	0.000000e+00
2.050000e+00	2.100000e+00	0.000000e+00	0.000000e+00	0.000000e+00
2.100000e+00	2.150000e+00	0.000000e+00	0.000000e+00	0.000000e+00
2.150000e+00	2.200000e+00	0.000000e+00	0.000000e+00	0.000000e+00
2.200000e+00	2.250000e+00	0.000000e+00	0.000000e+00	0.000000e+00
2.250000e+00	2.300000e+00	0.000000e+00	0.000000e+00	0.000000e+00
2.300000e+00	2.350000e+00	0.000000e+00	0.000000e+00	0.000000e+00
2.350000e+00	2.400000e+00	0.000000e+00	0.000000e+00	0.000000e+00
2.400000e+00	2.450000e+00	0.000000e+00	0.000000e+00	0.000000e+00
2.450000e+00	2.500000e+00	0.000000e+00	0.000000e+00	0.000000e+00
2.500000e+00	2.550000e+00	0.000000e+00	0.000000e+00	0.000000e+00
2.550000e+00	2.600000e+00	0.000000e+00	0.000000e+00	0.000000e+00
2.600000e+00	2.650000e+00	0.000000e+00	0.000000e+00	0.000000e+00
2.650000e+00	2.700000e+00	0.000000e+00	0.000000e+00	0.000000e+00
2.700000e+00	2.750000e+00	0.000000e+00	0.000000e+00	0.000000e+00
2.750000e+00	2.800000e+00	0.000000e+00	0.000000e+00	0.000000e+00
2.800000e+00	2.850000e+00	0.000000e+00	0.000000e+00	0.000000e+00
2.850000e+00	2.900000e+00	0.000000e+00	0.000000e+00	0.000000e+00
2.900000e+00	2.950000e+00	0.000000e+00	0.000000e+00	0.000000e+00
2.950000e+00	3.000000e+00	0.000000e+00	0.000000e+00	0.000000e+00
# END HISTOGRAM

# BEGIN HISTOGRAM /nfs/dust/cms/user/shwillia/BTV/Apr15/MC_Pythia8_QCD_Pt-50to80_Tune4C_8TeV/BTAG_JET_TRACK_SEL.yoda/BTAG_JET_TRACK_SEL/J_ChargedParticlePVDxy_BottomJets
LineColor={[HTML]{3366FF}}
LineStyle=solid
Path=/nfs/dust/cms/user/shwillia/BTV/Apr15/MC_Pythia8_QCD_Pt-50to80_Tune4C_8TeV/BTAG_JET_TRACK_SEL.yoda/BTAG_JET_TRACK_SEL/J_ChargedParticlePVDxy_BottomJets
Title=Ghost Hadron Flavor
XLabel=
YLabel=
# xlow	 xhigh	 val	 errminus	 errplus
0.000000e+00	5.000000e-02	3.053140e+06	7.814269e+03	7.814269e+03
5.000000e-02	1.000000e-01	6.204600e+05	3.522669e+03	3.522669e+03
1.000000e-01	1.500000e-01	4.710400e+05	3.069332e+03	3.069332e+03
1.500000e-01	2.000000e-01	3.685000e+05	2.714774e+03	2.714774e+03
2.000000e-01	2.500000e-01	2.971800e+05	2.437950e+03	2.437950e+03
2.500000e-01	3.000000e-01	2.459000e+05	2.217656e+03	2.217656e+03
3.000000e-01	3.500000e-01	2.038600e+05	2.019208e+03	2.019208e+03
3.500000e-01	4.000000e-01	1.704800e+05	1.846510e+03	1.846510e+03
4.000000e-01	4.500000e-01	1.430400e+05	1.691390e+03	1.691390e+03
4.500000e-01	5.000000e-01	1.245000e+05	1.577973e+03	1.577973e+03
5.000000e-01	5.500000e-01	1.091400e+05	1.477430e+03	1.477430e+03
5.500000e-01	6.000000e-01	8.968000e+04	1.339254e+03	1.339254e+03
6.000000e-01	6.500000e-01	8.024000e+04	1.266807e+03	1.266807e+03
6.500000e-01	7.000000e-01	6.932000e+04	1.177455e+03	1.177455e+03
7.000000e-01	7.500000e-01	5.892000e+04	1.085541e+03	1.085541e+03
7.500000e-01	8.000000e-01	5.302000e+04	1.029757e+03	1.029757e+03
8.000000e-01	8.500000e-01	4.558000e+04	9.547775e+02	9.547775e+02
8.500000e-01	9.000000e-01	4.002000e+04	8.946508e+02	8.946508e+02
9.000000e-01	9.500000e-01	3.614000e+04	8.501765e+02	8.501765e+02
9.500000e-01	1.000000e+00	3.166000e+04	7.957387e+02	7.957387e+02
1.000000e+00	1.050000e+00	2.830000e+04	7.523297e+02	7.523297e+02
1.050000e+00	1.100000e+00	2.376000e+04	6.893475e+02	6.893475e+02
1.100000e+00	1.150000e+00	2.314000e+04	6.802941e+02	6.802941e+02
1.150000e+00	1.200000e+00	2.164000e+04	6.578754e+02	6.578754e+02
1.200000e+00	1.250000e+00	1.812000e+04	6.019967e+02	6.019967e+02
1.250000e+00	1.300000e+00	1.716000e+04	5.858327e+02	5.858327e+02
1.300000e+00	1.350000e+00	1.538000e+04	5.546170e+02	5.546170e+02
1.350000e+00	1.400000e+00	1.456000e+04	5.396295e+02	5.396295e+02
1.400000e+00	1.450000e+00	1.210000e+04	4.919350e+02	4.919350e+02
1.450000e+00	1.500000e+00	1.232000e+04	4.963869e+02	4.963869e+02
1.500000e+00	1.550000e+00	1.104000e+04	4.698936e+02	4.698936e+02
1.550000e+00	1.600000e+00	9.260000e+03	4.303487e+02	4.303487e+02
1.600000e+00	1.650000e+00	8.300000e+03	4.074310e+02	4.074310e+02
1.650000e+00	1.700000e+00	7.200000e+03	3.794733e+02	3.794733e+02
1.700000e+00	1.750000e+00	7.820000e+03	3.954744e+02	3.954744e+02
1.750000e+00	1.800000e+00	6.240000e+03	3.532704e+02	3.532704e+02
1.800000e+00	1.850000e+00	6.280000e+03	3.544009e+02	3.544009e+02
1.850000e+00	1.900000e+00	6.360000e+03	3.566511e+02	3.566511e+02
1.900000e+00	1.950000e+00	5.600000e+03	3.346640e+02	3.346640e+02
1.950000e+00	2.000000e+00	5.460000e+03	3.304542e+02	3.304542e+02
2.000000e+00	2.050000e+00	0.000000e+00	0.000000e+00	0.000000e+00
2.050000e+00	2.100000e+00	0.000000e+00	0.000000e+00	0.000000e+00
2.100000e+00	2.150000e+00	0.000000e+00	0.000000e+00	0.000000e+00
2.150000e+00	2.200000e+00	0.000000e+00	0.000000e+00	0.000000e+00
2.200000e+00	2.250000e+00	0.000000e+00	0.000000e+00	0.000000e+00
2.250000e+00	2.300000e+00	0.000000e+00	0.000000e+00	0.000000e+00
2.300000e+00	2.350000e+00	0.000000e+00	0.000000e+00	0.000000e+00
2.350000e+00	2.400000e+00	0.000000e+00	0.000000e+00	0.000000e+00
2.400000e+00	2.450000e+00	0.000000e+00	0.000000e+00	0.000000e+00
2.450000e+00	2.500000e+00	0.000000e+00	0.000000e+00	0.000000e+00
2.500000e+00	2.550000e+00	0.000000e+00	0.000000e+00	0.000000e+00
2.550000e+00	2.600000e+00	0.000000e+00	0.000000e+00	0.000000e+00
2.600000e+00	2.650000e+00	0.000000e+00	0.000000e+00	0.000000e+00
2.650000e+00	2.700000e+00	0.000000e+00	0.000000e+00	0.000000e+00
2.700000e+00	2.750000e+00	0.000000e+00	0.000000e+00	0.000000e+00
2.750000e+00	2.800000e+00	0.000000e+00	0.000000e+00	0.000000e+00
2.800000e+00	2.850000e+00	0.000000e+00	0.000000e+00	0.000000e+00
2.850000e+00	2.900000e+00	0.000000e+00	0.000000e+00	0.000000e+00
2.900000e+00	2.950000e+00	0.000000e+00	0.000000e+00	0.000000e+00
2.950000e+00	3.000000e+00	0.000000e+00	0.000000e+00	0.000000e+00
# END HISTOGRAM

