# BEGIN PLOT
DrawOnly=/nfs/dust/cms/user/shwillia/BTV/Dec14/QCD_Pt-50to80_Tune4C_8TeV_pythia8/BTAG_JET_TRACK_SEL.yoda/BTAG_JET_TRACK_SEL/J_ChargedParticlePVDxy_CharmJets /nfs/dust/cms/user/shwillia/BTV/Apr15/MC_Pythia8_QCD_Pt-50to80_Tune4C_8TeV/BTAG_JET_TRACK_SEL.yoda/BTAG_JET_TRACK_SEL/J_ChargedParticlePVDxy_CharmJets
RatioPlotReference=/nfs/dust/cms/user/shwillia/BTV/Dec14/QCD_Pt-50to80_Tune4C_8TeV_pythia8/BTAG_JET_TRACK_SEL.yoda/BTAG_JET_TRACK_SEL/J_ChargedParticlePVDxy_CharmJets
RatioPlot=1
Legend=1
XLabel=$d_{xy}(CP,PV)$
YLabel=Normalized to Unity
LogY=1
NormalizeToSum=1
# END PLOT

# BEGIN HISTOGRAM /nfs/dust/cms/user/shwillia/BTV/Dec14/QCD_Pt-50to80_Tune4C_8TeV_pythia8/BTAG_JET_TRACK_SEL.yoda/BTAG_JET_TRACK_SEL/J_ChargedParticlePVDxy_CharmJets
LineColor={[HTML]{EE3311}}
LineStyle=solid
Path=/nfs/dust/cms/user/shwillia/BTV/Dec14/QCD_Pt-50to80_Tune4C_8TeV_pythia8/BTAG_JET_TRACK_SEL.yoda/BTAG_JET_TRACK_SEL/J_ChargedParticlePVDxy_CharmJets
ScaledBy=7.4330431473288618e-07
Title=MC History Flavor
XLabel=
YLabel=
# xlow	 xhigh	 val	 errminus	 errplus
0.000000e+00	5.000000e-02	1.755550e+01	1.615492e-02	1.615492e-02
5.000000e-02	1.000000e-01	9.092248e-01	3.676495e-03	3.676495e-03
1.000000e-01	1.500000e-01	4.913688e-01	2.702727e-03	2.702727e-03
1.500000e-01	2.000000e-01	2.999530e-01	2.111665e-03	2.111665e-03
2.000000e-01	2.500000e-01	1.931105e-01	1.694343e-03	1.694343e-03
2.500000e-01	3.000000e-01	1.333488e-01	1.407968e-03	1.407968e-03
3.000000e-01	3.500000e-01	9.472670e-02	1.186682e-03	1.186682e-03
3.500000e-01	4.000000e-01	6.943948e-02	1.016019e-03	1.016019e-03
4.000000e-01	4.500000e-01	5.189750e-02	8.783580e-04	8.783580e-04
4.500000e-01	5.000000e-01	3.958838e-02	7.671534e-04	7.671534e-04
5.000000e-01	5.500000e-01	3.011870e-02	6.691391e-04	6.691391e-04
5.500000e-01	6.000000e-01	2.503448e-02	6.100532e-04	6.100532e-04
6.000000e-01	6.500000e-01	1.938538e-02	5.368284e-04	5.368284e-04
6.500000e-01	7.000000e-01	1.514854e-02	4.745519e-04	4.745519e-04
7.000000e-01	7.500000e-01	1.183340e-02	4.194239e-04	4.194239e-04
7.500000e-01	8.000000e-01	9.499430e-03	3.757916e-04	3.757916e-04
8.000000e-01	8.500000e-01	7.507374e-03	3.340738e-04	3.340738e-04
8.500000e-01	9.000000e-01	6.258622e-03	3.050266e-04	3.050266e-04
9.000000e-01	9.500000e-01	5.708578e-03	2.913146e-04	2.913146e-04
9.500000e-01	1.000000e+00	4.563888e-03	2.604749e-04	2.604749e-04
1.000000e+00	1.050000e+00	3.924646e-03	2.415453e-04	2.415453e-04
1.050000e+00	1.100000e+00	3.032682e-03	2.123302e-04	2.123302e-04
1.100000e+00	1.150000e+00	2.750226e-03	2.022006e-04	2.022006e-04
1.150000e+00	1.200000e+00	2.512368e-03	1.932591e-04	1.932591e-04
1.200000e+00	1.250000e+00	2.036654e-03	1.740031e-04	1.740031e-04
1.250000e+00	1.300000e+00	2.096118e-03	1.765250e-04	1.765250e-04
1.300000e+00	1.350000e+00	1.650136e-03	1.566239e-04	1.566239e-04
1.350000e+00	1.400000e+00	1.442010e-03	1.464140e-04	1.464140e-04
1.400000e+00	1.450000e+00	1.100090e-03	1.278829e-04	1.278829e-04
1.450000e+00	1.500000e+00	1.010894e-03	1.225889e-04	1.225889e-04
1.500000e+00	1.550000e+00	8.919652e-04	1.151522e-04	1.151522e-04
1.550000e+00	1.600000e+00	7.284382e-04	1.040626e-04	1.040626e-04
1.600000e+00	1.650000e+00	6.987060e-04	1.019168e-04	1.019168e-04
1.650000e+00	1.700000e+00	7.135722e-04	1.029953e-04	1.029953e-04
1.700000e+00	1.750000e+00	4.608488e-04	8.277086e-05	8.277086e-05
1.750000e+00	1.800000e+00	4.311166e-04	8.005633e-05	8.005633e-05
1.800000e+00	1.850000e+00	4.162504e-04	7.866394e-05	7.866394e-05
1.850000e+00	1.900000e+00	3.567860e-04	7.282865e-05	7.282865e-05
1.900000e+00	1.950000e+00	2.229914e-04	5.757611e-05	5.757611e-05
1.950000e+00	2.000000e+00	3.121878e-04	6.812497e-05	6.812497e-05
2.000000e+00	2.050000e+00	0.000000e+00	0.000000e+00	0.000000e+00
2.050000e+00	2.100000e+00	0.000000e+00	0.000000e+00	0.000000e+00
2.100000e+00	2.150000e+00	0.000000e+00	0.000000e+00	0.000000e+00
2.150000e+00	2.200000e+00	0.000000e+00	0.000000e+00	0.000000e+00
2.200000e+00	2.250000e+00	0.000000e+00	0.000000e+00	0.000000e+00
2.250000e+00	2.300000e+00	0.000000e+00	0.000000e+00	0.000000e+00
2.300000e+00	2.350000e+00	0.000000e+00	0.000000e+00	0.000000e+00
2.350000e+00	2.400000e+00	0.000000e+00	0.000000e+00	0.000000e+00
2.400000e+00	2.450000e+00	0.000000e+00	0.000000e+00	0.000000e+00
2.450000e+00	2.500000e+00	0.000000e+00	0.000000e+00	0.000000e+00
2.500000e+00	2.550000e+00	0.000000e+00	0.000000e+00	0.000000e+00
2.550000e+00	2.600000e+00	0.000000e+00	0.000000e+00	0.000000e+00
2.600000e+00	2.650000e+00	0.000000e+00	0.000000e+00	0.000000e+00
2.650000e+00	2.700000e+00	0.000000e+00	0.000000e+00	0.000000e+00
2.700000e+00	2.750000e+00	0.000000e+00	0.000000e+00	0.000000e+00
2.750000e+00	2.800000e+00	0.000000e+00	0.000000e+00	0.000000e+00
2.800000e+00	2.850000e+00	0.000000e+00	0.000000e+00	0.000000e+00
2.850000e+00	2.900000e+00	0.000000e+00	0.000000e+00	0.000000e+00
2.900000e+00	2.950000e+00	0.000000e+00	0.000000e+00	0.000000e+00
2.950000e+00	3.000000e+00	0.000000e+00	0.000000e+00	0.000000e+00
# END HISTOGRAM

# BEGIN HISTOGRAM /nfs/dust/cms/user/shwillia/BTV/Apr15/MC_Pythia8_QCD_Pt-50to80_Tune4C_8TeV/BTAG_JET_TRACK_SEL.yoda/BTAG_JET_TRACK_SEL/J_ChargedParticlePVDxy_CharmJets
LineColor={[HTML]{3366FF}}
LineStyle=solid
Path=/nfs/dust/cms/user/shwillia/BTV/Apr15/MC_Pythia8_QCD_Pt-50to80_Tune4C_8TeV/BTAG_JET_TRACK_SEL.yoda/BTAG_JET_TRACK_SEL/J_ChargedParticlePVDxy_CharmJets
Title=Ghost Hadron Flavor
XLabel=
YLabel=
# xlow	 xhigh	 val	 errminus	 errplus
0.000000e+00	5.000000e-02	1.275362e+07	1.597099e+04	1.597099e+04
5.000000e-02	1.000000e-01	1.005720e+06	4.484908e+03	4.484908e+03
1.000000e-01	1.500000e-01	5.749800e+05	3.391106e+03	3.391106e+03
1.500000e-01	2.000000e-01	3.776800e+05	2.748381e+03	2.748381e+03
2.000000e-01	2.500000e-01	2.545800e+05	2.256457e+03	2.256457e+03
2.500000e-01	3.000000e-01	1.879000e+05	1.938556e+03	1.938556e+03
3.000000e-01	3.500000e-01	1.437600e+05	1.695641e+03	1.695641e+03
3.500000e-01	4.000000e-01	1.141200e+05	1.510761e+03	1.510761e+03
4.000000e-01	4.500000e-01	9.136000e+04	1.351740e+03	1.351740e+03
4.500000e-01	5.000000e-01	7.684000e+04	1.239677e+03	1.239677e+03
5.000000e-01	5.500000e-01	6.070000e+04	1.101817e+03	1.101817e+03
5.500000e-01	6.000000e-01	5.376000e+04	1.036919e+03	1.036919e+03
6.000000e-01	6.500000e-01	4.370000e+04	9.348797e+02	9.348797e+02
6.500000e-01	7.000000e-01	3.742000e+04	8.651012e+02	8.651012e+02
7.000000e-01	7.500000e-01	3.204000e+04	8.004998e+02	8.004998e+02
7.500000e-01	8.000000e-01	2.604000e+04	7.216647e+02	7.216647e+02
8.000000e-01	8.500000e-01	2.360000e+04	6.870226e+02	6.870226e+02
8.500000e-01	9.000000e-01	2.094000e+04	6.471476e+02	6.471476e+02
9.000000e-01	9.500000e-01	1.780000e+04	5.966574e+02	5.966574e+02
9.500000e-01	1.000000e+00	1.680000e+04	5.796551e+02	5.796551e+02
1.000000e+00	1.050000e+00	1.460000e+04	5.403702e+02	5.403702e+02
1.050000e+00	1.100000e+00	1.280000e+04	5.059644e+02	5.059644e+02
1.100000e+00	1.150000e+00	1.192000e+04	4.882622e+02	4.882622e+02
1.150000e+00	1.200000e+00	1.052000e+04	4.586938e+02	4.586938e+02
1.200000e+00	1.250000e+00	9.240000e+03	4.298837e+02	4.298837e+02
1.250000e+00	1.300000e+00	9.560000e+03	4.372642e+02	4.372642e+02
1.300000e+00	1.350000e+00	7.640000e+03	3.908964e+02	3.908964e+02
1.350000e+00	1.400000e+00	7.420000e+03	3.852272e+02	3.852272e+02
1.400000e+00	1.450000e+00	6.880000e+03	3.709447e+02	3.709447e+02
1.450000e+00	1.500000e+00	5.820000e+03	3.411744e+02	3.411744e+02
1.500000e+00	1.550000e+00	5.740000e+03	3.388215e+02	3.388215e+02
1.550000e+00	1.600000e+00	5.200000e+03	3.224903e+02	3.224903e+02
1.600000e+00	1.650000e+00	5.100000e+03	3.193744e+02	3.193744e+02
1.650000e+00	1.700000e+00	4.260000e+03	2.918904e+02	2.918904e+02
1.700000e+00	1.750000e+00	4.560000e+03	3.019934e+02	3.019934e+02
1.750000e+00	1.800000e+00	3.520000e+03	2.653300e+02	2.653300e+02
1.800000e+00	1.850000e+00	3.580000e+03	2.675818e+02	2.675818e+02
1.850000e+00	1.900000e+00	3.380000e+03	2.600000e+02	2.600000e+02
1.900000e+00	1.950000e+00	2.920000e+03	2.416609e+02	2.416609e+02
1.950000e+00	2.000000e+00	3.000000e+03	2.449490e+02	2.449490e+02
2.000000e+00	2.050000e+00	0.000000e+00	0.000000e+00	0.000000e+00
2.050000e+00	2.100000e+00	0.000000e+00	0.000000e+00	0.000000e+00
2.100000e+00	2.150000e+00	0.000000e+00	0.000000e+00	0.000000e+00
2.150000e+00	2.200000e+00	0.000000e+00	0.000000e+00	0.000000e+00
2.200000e+00	2.250000e+00	0.000000e+00	0.000000e+00	0.000000e+00
2.250000e+00	2.300000e+00	0.000000e+00	0.000000e+00	0.000000e+00
2.300000e+00	2.350000e+00	0.000000e+00	0.000000e+00	0.000000e+00
2.350000e+00	2.400000e+00	0.000000e+00	0.000000e+00	0.000000e+00
2.400000e+00	2.450000e+00	0.000000e+00	0.000000e+00	0.000000e+00
2.450000e+00	2.500000e+00	0.000000e+00	0.000000e+00	0.000000e+00
2.500000e+00	2.550000e+00	0.000000e+00	0.000000e+00	0.000000e+00
2.550000e+00	2.600000e+00	0.000000e+00	0.000000e+00	0.000000e+00
2.600000e+00	2.650000e+00	0.000000e+00	0.000000e+00	0.000000e+00
2.650000e+00	2.700000e+00	0.000000e+00	0.000000e+00	0.000000e+00
2.700000e+00	2.750000e+00	0.000000e+00	0.000000e+00	0.000000e+00
2.750000e+00	2.800000e+00	0.000000e+00	0.000000e+00	0.000000e+00
2.800000e+00	2.850000e+00	0.000000e+00	0.000000e+00	0.000000e+00
2.850000e+00	2.900000e+00	0.000000e+00	0.000000e+00	0.000000e+00
2.900000e+00	2.950000e+00	0.000000e+00	0.000000e+00	0.000000e+00
2.950000e+00	3.000000e+00	0.000000e+00	0.000000e+00	0.000000e+00
# END HISTOGRAM

