# BEGIN PLOT
DrawOnly=/nfs/dust/cms/user/shwillia/BTV/Dec14/QCD_Pt-50to80_Tune4C_8TeV_pythia8/BTAG_JET_TRACK_SEL.yoda/BTAG_JET_TRACK_SEL/N_ChargedTrackVertexPVDist_CharmJets /nfs/dust/cms/user/shwillia/BTV/Apr15/MC_Pythia8_QCD_Pt-50to80_Tune4C_8TeV/BTAG_JET_TRACK_SEL.yoda/BTAG_JET_TRACK_SEL/N_ChargedTrackVertexPVDist_CharmJets
RatioPlotReference=/nfs/dust/cms/user/shwillia/BTV/Dec14/QCD_Pt-50to80_Tune4C_8TeV_pythia8/BTAG_JET_TRACK_SEL.yoda/BTAG_JET_TRACK_SEL/N_ChargedTrackVertexPVDist_CharmJets
RatioPlot=1
Legend=1
XLabel=$d(CPV,PV)$
YLabel=Normalized to Unity
LogY=1
NormalizeToSum=1
# END PLOT

# BEGIN HISTOGRAM /nfs/dust/cms/user/shwillia/BTV/Dec14/QCD_Pt-50to80_Tune4C_8TeV_pythia8/BTAG_JET_TRACK_SEL.yoda/BTAG_JET_TRACK_SEL/N_ChargedTrackVertexPVDist_CharmJets
LineColor={[HTML]{EE3311}}
LineStyle=solid
Path=/nfs/dust/cms/user/shwillia/BTV/Dec14/QCD_Pt-50to80_Tune4C_8TeV_pythia8/BTAG_JET_TRACK_SEL.yoda/BTAG_JET_TRACK_SEL/N_ChargedTrackVertexPVDist_CharmJets
ScaledBy=7.4330431473288618e-07
Title=MC History Flavor
XLabel=
YLabel=
# xlow	 xhigh	 val	 errminus	 errplus
0.000000e+00	2.000000e+00	4.469645e-01	4.075725e-04	4.075725e-04
2.000000e+00	4.000000e+00	2.181970e-02	9.005186e-05	9.005186e-05
4.000000e+00	6.000000e+00	1.068129e-02	6.300573e-05	6.300573e-05
6.000000e+00	8.000000e+00	6.192470e-03	4.797337e-05	4.797337e-05
8.000000e+00	1.000000e+01	3.972590e-03	3.842423e-05	3.842423e-05
1.000000e+01	1.200000e+01	2.652482e-03	3.139746e-05	3.139746e-05
1.200000e+01	1.400000e+01	1.984251e-03	2.715605e-05	2.715605e-05
1.400000e+01	1.600000e+01	1.403358e-03	2.283772e-05	2.283772e-05
1.600000e+01	1.800000e+01	1.040626e-03	1.966599e-05	1.966599e-05
1.800000e+01	2.000000e+01	7.760095e-04	1.698251e-05	1.698251e-05
2.000000e+01	2.200000e+01	5.875820e-04	1.477756e-05	1.477756e-05
2.200000e+01	2.400000e+01	4.303732e-04	1.264710e-05	1.264710e-05
2.400000e+01	2.600000e+01	3.370885e-04	1.119284e-05	1.119284e-05
2.600000e+01	2.800000e+01	2.858005e-04	1.030623e-05	1.030623e-05
2.800000e+01	3.000000e+01	1.936308e-04	8.483119e-06	8.483119e-06
3.000000e+01	3.200000e+01	1.508908e-04	7.488583e-06	7.488583e-06
3.200000e+01	3.400000e+01	1.159555e-04	6.564686e-06	6.564686e-06
3.400000e+01	3.600000e+01	9.439965e-05	5.923160e-06	5.923160e-06
3.600000e+01	3.800000e+01	7.507375e-05	5.282170e-06	5.282170e-06
3.800000e+01	4.000000e+01	5.426120e-05	4.490690e-06	4.490690e-06
4.000000e+01	4.200000e+01	4.459826e-05	4.071246e-06	4.071246e-06
4.200000e+01	4.400000e+01	3.121878e-05	3.406248e-06	3.406248e-06
4.400000e+01	4.600000e+01	2.490069e-05	3.042104e-06	3.042104e-06
4.600000e+01	4.800000e+01	2.155582e-05	2.830419e-06	2.830419e-06
4.800000e+01	5.000000e+01	1.152122e-05	2.069272e-06	2.069272e-06
5.000000e+01	5.200000e+01	1.486609e-05	2.350535e-06	2.350535e-06
5.200000e+01	5.400000e+01	7.061390e-06	1.619994e-06	1.619994e-06
5.400000e+01	5.600000e+01	5.203130e-06	1.390595e-06	1.390595e-06
5.600000e+01	5.800000e+01	5.203130e-06	1.390595e-06	1.390595e-06
5.800000e+01	6.000000e+01	2.973218e-06	1.051191e-06	1.051191e-06
6.000000e+01	6.200000e+01	2.601565e-06	9.832992e-07	9.832992e-07
6.200000e+01	6.400000e+01	1.114957e-06	6.437204e-07	6.437204e-07
6.400000e+01	6.600000e+01	2.601566e-06	9.832992e-07	9.832992e-07
6.600000e+01	6.800000e+01	1.486609e-06	7.433043e-07	7.433043e-07
6.800000e+01	7.000000e+01	1.858261e-06	8.310394e-07	8.310394e-07
7.000000e+01	7.200000e+01	7.433045e-07	5.255954e-07	5.255954e-07
7.200000e+01	7.400000e+01	1.114957e-06	6.437204e-07	6.437204e-07
7.400000e+01	7.600000e+01	7.433045e-07	5.255956e-07	5.255956e-07
7.600000e+01	7.800000e+01	7.433045e-07	5.255956e-07	5.255956e-07
7.800000e+01	8.000000e+01	3.716521e-07	3.716521e-07	3.716521e-07
8.000000e+01	8.200000e+01	7.433045e-07	5.255956e-07	5.255956e-07
8.200000e+01	8.400000e+01	1.114957e-06	6.437204e-07	6.437204e-07
8.400000e+01	8.600000e+01	7.433045e-07	5.255956e-07	5.255956e-07
8.600000e+01	8.800000e+01	7.433045e-07	5.255956e-07	5.255956e-07
8.800000e+01	9.000000e+01	0.000000e+00	0.000000e+00	0.000000e+00
9.000000e+01	9.200000e+01	0.000000e+00	0.000000e+00	0.000000e+00
9.200000e+01	9.400000e+01	0.000000e+00	0.000000e+00	0.000000e+00
9.400000e+01	9.600000e+01	0.000000e+00	0.000000e+00	0.000000e+00
9.600000e+01	9.800000e+01	0.000000e+00	0.000000e+00	0.000000e+00
9.800000e+01	1.000000e+02	1.114957e-06	6.437204e-07	6.437204e-07
# END HISTOGRAM

# BEGIN HISTOGRAM /nfs/dust/cms/user/shwillia/BTV/Apr15/MC_Pythia8_QCD_Pt-50to80_Tune4C_8TeV/BTAG_JET_TRACK_SEL.yoda/BTAG_JET_TRACK_SEL/N_ChargedTrackVertexPVDist_CharmJets
LineColor={[HTML]{3366FF}}
LineStyle=solid
Path=/nfs/dust/cms/user/shwillia/BTV/Apr15/MC_Pythia8_QCD_Pt-50to80_Tune4C_8TeV/BTAG_JET_TRACK_SEL.yoda/BTAG_JET_TRACK_SEL/N_ChargedTrackVertexPVDist_CharmJets
Title=Ghost Hadron Flavor
XLabel=
YLabel=
# xlow	 xhigh	 val	 errminus	 errplus
0.000000e+00	3.000000e+00	2.327167e+05	2.785179e+02	2.785179e+02
3.000000e+00	6.000000e+00	1.672500e+04	7.466592e+01	7.466592e+01
6.000000e+00	9.000000e+00	7.471667e+03	4.990547e+01	4.990547e+01
9.000000e+00	1.200000e+01	3.927000e+03	3.618011e+01	3.618011e+01
1.200000e+01	1.500000e+01	2.368000e+03	2.809508e+01	2.809508e+01
1.500000e+01	1.800000e+01	1.490333e+03	2.228851e+01	2.228851e+01
1.800000e+01	2.100000e+01	9.160000e+02	1.747379e+01	1.747379e+01
2.100000e+01	2.400000e+01	6.046667e+02	1.419703e+01	1.419703e+01
2.400000e+01	2.700000e+01	4.150000e+02	1.176152e+01	1.176152e+01
2.700000e+01	3.000000e+01	2.756667e+02	9.585869e+00	9.585869e+00
3.000000e+01	3.300000e+01	1.763333e+02	7.666667e+00	7.666667e+00
3.300000e+01	3.600000e+01	1.406667e+02	6.847546e+00	6.847546e+00
3.600000e+01	3.900000e+01	9.133333e+01	5.517648e+00	5.517648e+00
3.900000e+01	4.200000e+01	6.700000e+01	4.725816e+00	4.725816e+00
4.200000e+01	4.500000e+01	4.100000e+01	3.696846e+00	3.696846e+00
4.500000e+01	4.800000e+01	2.766667e+01	3.036811e+00	3.036811e+00
4.800000e+01	5.100000e+01	2.000000e+01	2.581989e+00	2.581989e+00
5.100000e+01	5.400000e+01	1.433333e+01	2.185813e+00	2.185813e+00
5.400000e+01	5.700000e+01	7.000000e+00	1.527525e+00	1.527525e+00
5.700000e+01	6.000000e+01	5.666667e+00	1.374369e+00	1.374369e+00
6.000000e+01	6.300000e+01	2.000000e+00	8.164966e-01	8.164966e-01
6.300000e+01	6.600000e+01	2.666667e+00	9.428090e-01	9.428090e-01
6.600000e+01	6.900000e+01	2.000000e+00	8.164966e-01	8.164966e-01
6.900000e+01	7.200000e+01	1.333333e+00	6.666667e-01	6.666667e-01
7.200000e+01	7.500000e+01	1.333333e+00	6.666667e-01	6.666667e-01
7.500000e+01	7.800000e+01	6.666667e-01	4.714045e-01	4.714045e-01
7.800000e+01	8.100000e+01	1.000000e+00	5.773503e-01	5.773503e-01
8.100000e+01	8.400000e+01	1.333333e+00	6.666667e-01	6.666667e-01
8.400000e+01	8.700000e+01	1.000000e+00	5.773503e-01	5.773503e-01
8.700000e+01	9.000000e+01	3.333333e-01	3.333333e-01	3.333333e-01
9.000000e+01	9.300000e+01	6.666667e-01	4.714045e-01	4.714045e-01
9.300000e+01	9.600000e+01	0.000000e+00	0.000000e+00	0.000000e+00
9.600000e+01	9.900000e+01	1.000000e+00	5.773503e-01	5.773503e-01
9.900000e+01	1.020000e+02	3.333333e-01	3.333333e-01	3.333333e-01
1.020000e+02	1.050000e+02	0.000000e+00	0.000000e+00	0.000000e+00
1.050000e+02	1.080000e+02	3.333333e-01	3.333333e-01	3.333333e-01
1.080000e+02	1.110000e+02	0.000000e+00	0.000000e+00	0.000000e+00
1.110000e+02	1.140000e+02	0.000000e+00	0.000000e+00	0.000000e+00
1.140000e+02	1.170000e+02	0.000000e+00	0.000000e+00	0.000000e+00
1.170000e+02	1.200000e+02	0.000000e+00	0.000000e+00	0.000000e+00
1.200000e+02	1.230000e+02	0.000000e+00	0.000000e+00	0.000000e+00
1.230000e+02	1.260000e+02	0.000000e+00	0.000000e+00	0.000000e+00
1.260000e+02	1.290000e+02	0.000000e+00	0.000000e+00	0.000000e+00
1.290000e+02	1.320000e+02	0.000000e+00	0.000000e+00	0.000000e+00
1.320000e+02	1.350000e+02	0.000000e+00	0.000000e+00	0.000000e+00
1.350000e+02	1.380000e+02	0.000000e+00	0.000000e+00	0.000000e+00
1.380000e+02	1.410000e+02	0.000000e+00	0.000000e+00	0.000000e+00
1.410000e+02	1.440000e+02	0.000000e+00	0.000000e+00	0.000000e+00
1.440000e+02	1.470000e+02	0.000000e+00	0.000000e+00	0.000000e+00
1.470000e+02	1.500000e+02	0.000000e+00	0.000000e+00	0.000000e+00
# END HISTOGRAM

