# BEGIN PLOT
DrawOnly=/nfs/dust/cms/user/shwillia/BTV/Dec14/QCD_Pt-50to80_Tune4C_8TeV_pythia8/BTAG_JET_TRACK_SEL.yoda/BTAG_JET_TRACK_SEL/O_NChargedParticlesSecVertex_CharmJets /nfs/dust/cms/user/shwillia/BTV/Apr15/MC_Pythia8_QCD_Pt-50to80_Tune4C_8TeV/BTAG_JET_TRACK_SEL.yoda/BTAG_JET_TRACK_SEL/O_NChargedParticlesSecVertex_CharmJets
RatioPlotReference=/nfs/dust/cms/user/shwillia/BTV/Dec14/QCD_Pt-50to80_Tune4C_8TeV_pythia8/BTAG_JET_TRACK_SEL.yoda/BTAG_JET_TRACK_SEL/O_NChargedParticlesSecVertex_CharmJets
RatioPlot=1
Legend=1
XLabel=$N(Vertex\;CP)$
YLabel=Normalized to Unity
LogY=1
NormalizeToSum=1
# END PLOT

# BEGIN HISTOGRAM /nfs/dust/cms/user/shwillia/BTV/Dec14/QCD_Pt-50to80_Tune4C_8TeV_pythia8/BTAG_JET_TRACK_SEL.yoda/BTAG_JET_TRACK_SEL/O_NChargedParticlesSecVertex_CharmJets
LineColor={[HTML]{EE3311}}
LineStyle=solid
Path=/nfs/dust/cms/user/shwillia/BTV/Dec14/QCD_Pt-50to80_Tune4C_8TeV_pythia8/BTAG_JET_TRACK_SEL.yoda/BTAG_JET_TRACK_SEL/O_NChargedParticlesSecVertex_CharmJets
ScaledBy=4.5795094429484712e-06
Title=MC History Flavor
XLabel=
YLabel=
# xlow	 xhigh	 val	 errminus	 errplus
0.000000e+00	1.000000e+00	3.463620e-01	1.259432e-03	1.259432e-03
1.000000e+00	2.000000e+00	1.902466e-01	9.334002e-04	9.334002e-04
2.000000e+00	3.000000e+00	2.342648e-01	1.035769e-03	1.035769e-03
3.000000e+00	4.000000e+00	1.228820e-01	7.501594e-04	7.501594e-04
4.000000e+00	5.000000e+00	7.160063e-02	5.726219e-04	5.726219e-04
5.000000e+00	6.000000e+00	2.332802e-02	3.268500e-04	3.268500e-04
6.000000e+00	7.000000e+00	8.330128e-03	1.953149e-04	1.953149e-04
7.000000e+00	8.000000e+00	2.330970e-03	1.033184e-04	1.033184e-04
8.000000e+00	9.000000e+00	5.358026e-04	4.953497e-05	4.953497e-05
9.000000e+00	1.000000e+01	8.701068e-05	1.996162e-05	1.996162e-05
1.000000e+01	1.100000e+01	3.205657e-05	1.211624e-05	1.211624e-05
1.100000e+01	1.200000e+01	0.000000e+00	0.000000e+00	0.000000e+00
1.200000e+01	1.300000e+01	0.000000e+00	0.000000e+00	0.000000e+00
1.300000e+01	1.400000e+01	0.000000e+00	0.000000e+00	0.000000e+00
1.400000e+01	1.500000e+01	0.000000e+00	0.000000e+00	0.000000e+00
1.500000e+01	1.600000e+01	0.000000e+00	0.000000e+00	0.000000e+00
1.600000e+01	1.700000e+01	0.000000e+00	0.000000e+00	0.000000e+00
1.700000e+01	1.800000e+01	0.000000e+00	0.000000e+00	0.000000e+00
1.800000e+01	1.900000e+01	0.000000e+00	0.000000e+00	0.000000e+00
1.900000e+01	2.000000e+01	0.000000e+00	0.000000e+00	0.000000e+00
2.000000e+01	2.100000e+01	0.000000e+00	0.000000e+00	0.000000e+00
2.100000e+01	2.200000e+01	0.000000e+00	0.000000e+00	0.000000e+00
2.200000e+01	2.300000e+01	0.000000e+00	0.000000e+00	0.000000e+00
2.300000e+01	2.400000e+01	0.000000e+00	0.000000e+00	0.000000e+00
2.400000e+01	2.500000e+01	0.000000e+00	0.000000e+00	0.000000e+00
2.500000e+01	2.600000e+01	0.000000e+00	0.000000e+00	0.000000e+00
2.600000e+01	2.700000e+01	0.000000e+00	0.000000e+00	0.000000e+00
2.700000e+01	2.800000e+01	0.000000e+00	0.000000e+00	0.000000e+00
2.800000e+01	2.900000e+01	0.000000e+00	0.000000e+00	0.000000e+00
2.900000e+01	3.000000e+01	0.000000e+00	0.000000e+00	0.000000e+00
# END HISTOGRAM

# BEGIN HISTOGRAM /nfs/dust/cms/user/shwillia/BTV/Apr15/MC_Pythia8_QCD_Pt-50to80_Tune4C_8TeV/BTAG_JET_TRACK_SEL.yoda/BTAG_JET_TRACK_SEL/O_NChargedParticlesSecVertex_CharmJets
LineColor={[HTML]{3366FF}}
LineStyle=solid
Path=/nfs/dust/cms/user/shwillia/BTV/Apr15/MC_Pythia8_QCD_Pt-50to80_Tune4C_8TeV/BTAG_JET_TRACK_SEL.yoda/BTAG_JET_TRACK_SEL/O_NChargedParticlesSecVertex_CharmJets
Title=Ghost Hadron Flavor
XLabel=
YLabel=
# xlow	 xhigh	 val	 errminus	 errplus
0.000000e+00	1.000000e+00	4.271000e+04	2.066640e+02	2.066640e+02
1.000000e+00	2.000000e+00	3.629000e+04	1.904993e+02	1.904993e+02
2.000000e+00	3.000000e+00	4.338800e+04	2.082979e+02	2.082979e+02
3.000000e+00	4.000000e+00	2.359900e+04	1.536197e+02	1.536197e+02
4.000000e+00	5.000000e+00	1.374100e+04	1.172220e+02	1.172220e+02
5.000000e+00	6.000000e+00	4.967000e+03	7.047695e+01	7.047695e+01
6.000000e+00	7.000000e+00	2.074000e+03	4.554119e+01	4.554119e+01
7.000000e+00	8.000000e+00	7.840000e+02	2.800000e+01	2.800000e+01
8.000000e+00	9.000000e+00	3.360000e+02	1.833030e+01	1.833030e+01
9.000000e+00	1.000000e+01	1.450000e+02	1.204159e+01	1.204159e+01
1.000000e+01	1.100000e+01	6.700000e+01	8.185353e+00	8.185353e+00
1.100000e+01	1.200000e+01	2.100000e+01	4.582576e+00	4.582576e+00
1.200000e+01	1.300000e+01	1.200000e+01	3.464102e+00	3.464102e+00
1.300000e+01	1.400000e+01	0.000000e+00	0.000000e+00	0.000000e+00
1.400000e+01	1.500000e+01	0.000000e+00	0.000000e+00	0.000000e+00
1.500000e+01	1.600000e+01	1.000000e+00	1.000000e+00	1.000000e+00
1.600000e+01	1.700000e+01	0.000000e+00	0.000000e+00	0.000000e+00
1.700000e+01	1.800000e+01	0.000000e+00	0.000000e+00	0.000000e+00
1.800000e+01	1.900000e+01	0.000000e+00	0.000000e+00	0.000000e+00
1.900000e+01	2.000000e+01	0.000000e+00	0.000000e+00	0.000000e+00
2.000000e+01	2.100000e+01	0.000000e+00	0.000000e+00	0.000000e+00
2.100000e+01	2.200000e+01	0.000000e+00	0.000000e+00	0.000000e+00
2.200000e+01	2.300000e+01	0.000000e+00	0.000000e+00	0.000000e+00
2.300000e+01	2.400000e+01	0.000000e+00	0.000000e+00	0.000000e+00
2.400000e+01	2.500000e+01	0.000000e+00	0.000000e+00	0.000000e+00
2.500000e+01	2.600000e+01	0.000000e+00	0.000000e+00	0.000000e+00
2.600000e+01	2.700000e+01	0.000000e+00	0.000000e+00	0.000000e+00
2.700000e+01	2.800000e+01	0.000000e+00	0.000000e+00	0.000000e+00
2.800000e+01	2.900000e+01	0.000000e+00	0.000000e+00	0.000000e+00
2.900000e+01	3.000000e+01	0.000000e+00	0.000000e+00	0.000000e+00
# END HISTOGRAM

