# BEGIN PLOT
DrawOnly=/nfs/dust/cms/user/shwillia/BTV/Apr15/MC_Pythia6_QCD_Pt-50to80_MuEnrichedPt5_TuneZ2star_13TeV.yoda/BTAG_JET_TRACK_SEL/D_ChargedParticlePt_BottomJets
Legend=1
LogY=1
# END PLOT

# BEGIN HISTOGRAM /nfs/dust/cms/user/shwillia/BTV/Apr15/MC_Pythia6_QCD_Pt-50to80_MuEnrichedPt5_TuneZ2star_13TeV.yoda/BTAG_JET_TRACK_SEL/D_ChargedParticlePt_BottomJets
LineColor={[HTML]{EE3311}}
LineStyle=solid
Path=/nfs/dust/cms/user/shwillia/BTV/Apr15/MC_Pythia6_QCD_Pt-50to80_MuEnrichedPt5_TuneZ2star_13TeV.yoda/BTAG_JET_TRACK_SEL/D_ChargedParticlePt_BottomJets
Title=MC_Pythia6_QCD_Pt-50to80_MuEnrichedPt5_TuneZ2star_13TeV
XLabel=
YLabel=
# xlow	 xhigh	 val	 errminus	 errplus
0.000000e+00	2.000000e+00	1.321725e+05	2.570725e+02	2.570725e+02
2.000000e+00	4.000000e+00	1.534390e+05	2.769829e+02	2.769829e+02
4.000000e+00	6.000000e+00	8.253700e+04	2.031465e+02	2.031465e+02
6.000000e+00	8.000000e+00	5.199000e+04	1.612296e+02	1.612296e+02
8.000000e+00	1.000000e+01	3.225550e+04	1.269951e+02	1.269951e+02
1.000000e+01	1.200000e+01	2.091000e+04	1.022497e+02	1.022497e+02
1.200000e+01	1.400000e+01	1.422300e+04	8.432971e+01	8.432971e+01
1.400000e+01	1.600000e+01	1.009950e+04	7.106159e+01	7.106159e+01
1.600000e+01	1.800000e+01	7.231500e+03	6.013111e+01	6.013111e+01
1.800000e+01	2.000000e+01	5.297000e+03	5.146358e+01	5.146358e+01
2.000000e+01	2.200000e+01	3.916500e+03	4.425212e+01	4.425212e+01
2.200000e+01	2.400000e+01	2.977500e+03	3.858432e+01	3.858432e+01
2.400000e+01	2.600000e+01	2.224500e+03	3.335041e+01	3.335041e+01
2.600000e+01	2.800000e+01	1.644500e+03	2.867490e+01	2.867490e+01
2.800000e+01	3.000000e+01	1.230500e+03	2.480423e+01	2.480423e+01
3.000000e+01	3.200000e+01	8.870000e+02	2.105944e+01	2.105944e+01
3.200000e+01	3.400000e+01	6.720000e+02	1.833030e+01	1.833030e+01
3.400000e+01	3.600000e+01	4.900000e+02	1.565248e+01	1.565248e+01
3.600000e+01	3.800000e+01	3.735000e+02	1.366565e+01	1.366565e+01
3.800000e+01	4.000000e+01	2.540000e+02	1.126943e+01	1.126943e+01
4.000000e+01	4.200000e+01	1.850000e+02	9.617692e+00	9.617692e+00
4.200000e+01	4.400000e+01	1.290000e+02	8.031189e+00	8.031189e+00
4.400000e+01	4.600000e+01	9.700000e+01	6.964194e+00	6.964194e+00
4.600000e+01	4.800000e+01	8.050000e+01	6.344289e+00	6.344289e+00
4.800000e+01	5.000000e+01	5.100000e+01	5.049752e+00	5.049752e+00
5.000000e+01	5.200000e+01	3.800000e+01	4.358899e+00	4.358899e+00
5.200000e+01	5.400000e+01	2.900000e+01	3.807887e+00	3.807887e+00
5.400000e+01	5.600000e+01	1.650000e+01	2.872281e+00	2.872281e+00
5.600000e+01	5.800000e+01	1.400000e+01	2.645751e+00	2.645751e+00
5.800000e+01	6.000000e+01	8.000000e+00	2.000000e+00	2.000000e+00
6.000000e+01	6.200000e+01	5.500000e+00	1.658312e+00	1.658312e+00
6.200000e+01	6.400000e+01	2.500000e+00	1.118034e+00	1.118034e+00
6.400000e+01	6.600000e+01	3.000000e+00	1.224745e+00	1.224745e+00
6.600000e+01	6.800000e+01	1.500000e+00	8.660254e-01	8.660254e-01
6.800000e+01	7.000000e+01	2.000000e+00	1.000000e+00	1.000000e+00
7.000000e+01	7.200000e+01	1.000000e+00	7.071068e-01	7.071068e-01
7.200000e+01	7.400000e+01	5.000000e-01	5.000000e-01	5.000000e-01
7.400000e+01	7.600000e+01	0.000000e+00	0.000000e+00	0.000000e+00
7.600000e+01	7.800000e+01	5.000000e-01	5.000000e-01	5.000000e-01
7.800000e+01	8.000000e+01	5.000000e-01	5.000000e-01	5.000000e-01
8.000000e+01	8.200000e+01	0.000000e+00	0.000000e+00	0.000000e+00
8.200000e+01	8.400000e+01	0.000000e+00	0.000000e+00	0.000000e+00
8.400000e+01	8.600000e+01	0.000000e+00	0.000000e+00	0.000000e+00
8.600000e+01	8.800000e+01	0.000000e+00	0.000000e+00	0.000000e+00
8.800000e+01	9.000000e+01	5.000000e-01	5.000000e-01	5.000000e-01
9.000000e+01	9.200000e+01	0.000000e+00	0.000000e+00	0.000000e+00
9.200000e+01	9.400000e+01	0.000000e+00	0.000000e+00	0.000000e+00
9.400000e+01	9.600000e+01	0.000000e+00	0.000000e+00	0.000000e+00
9.600000e+01	9.800000e+01	0.000000e+00	0.000000e+00	0.000000e+00
9.800000e+01	1.000000e+02	0.000000e+00	0.000000e+00	0.000000e+00
1.000000e+02	1.020000e+02	0.000000e+00	0.000000e+00	0.000000e+00
1.020000e+02	1.040000e+02	0.000000e+00	0.000000e+00	0.000000e+00
1.040000e+02	1.060000e+02	0.000000e+00	0.000000e+00	0.000000e+00
1.060000e+02	1.080000e+02	5.000000e-01	5.000000e-01	5.000000e-01
1.080000e+02	1.100000e+02	0.000000e+00	0.000000e+00	0.000000e+00
1.100000e+02	1.120000e+02	0.000000e+00	0.000000e+00	0.000000e+00
1.120000e+02	1.140000e+02	0.000000e+00	0.000000e+00	0.000000e+00
1.140000e+02	1.160000e+02	0.000000e+00	0.000000e+00	0.000000e+00
1.160000e+02	1.180000e+02	0.000000e+00	0.000000e+00	0.000000e+00
1.180000e+02	1.200000e+02	0.000000e+00	0.000000e+00	0.000000e+00
# END HISTOGRAM

