# BEGIN PLOT
DrawOnly=/nfs/dust/cms/user/shwillia/BTV/Apr15/MC_Pythia6_QCD_Pt-50to80_MuEnrichedPt5_TuneZ2star_13TeV.yoda/BTAG_JET_TRACK_SEL/D_ChargedParticlePt_AllJets
Legend=1
LogY=1
# END PLOT

# BEGIN HISTOGRAM /nfs/dust/cms/user/shwillia/BTV/Apr15/MC_Pythia6_QCD_Pt-50to80_MuEnrichedPt5_TuneZ2star_13TeV.yoda/BTAG_JET_TRACK_SEL/D_ChargedParticlePt_AllJets
LineColor={[HTML]{EE3311}}
LineStyle=solid
Path=/nfs/dust/cms/user/shwillia/BTV/Apr15/MC_Pythia6_QCD_Pt-50to80_MuEnrichedPt5_TuneZ2star_13TeV.yoda/BTAG_JET_TRACK_SEL/D_ChargedParticlePt_AllJets
Title=MC_Pythia6_QCD_Pt-50to80_MuEnrichedPt5_TuneZ2star_13TeV
XLabel=
YLabel=
# xlow	 xhigh	 val	 errminus	 errplus
0.000000e+00	2.000000e+00	7.534375e+05	6.137742e+02	6.137742e+02
2.000000e+00	4.000000e+00	9.098920e+05	6.744968e+02	6.744968e+02
4.000000e+00	6.000000e+00	4.587550e+05	4.789337e+02	4.789337e+02
6.000000e+00	8.000000e+00	2.599040e+05	3.604886e+02	3.604886e+02
8.000000e+00	1.000000e+01	1.538210e+05	2.773274e+02	2.773274e+02
1.000000e+01	1.200000e+01	9.597100e+04	2.190559e+02	2.190559e+02
1.200000e+01	1.400000e+01	6.254750e+04	1.768439e+02	1.768439e+02
1.400000e+01	1.600000e+01	4.220150e+04	1.452610e+02	1.452610e+02
1.600000e+01	1.800000e+01	2.907150e+04	1.205643e+02	1.205643e+02
1.800000e+01	2.000000e+01	2.048650e+04	1.012089e+02	1.012089e+02
2.000000e+01	2.200000e+01	1.442450e+04	8.492497e+01	8.492497e+01
2.200000e+01	2.400000e+01	1.056200e+04	7.267049e+01	7.267049e+01
2.400000e+01	2.600000e+01	7.685500e+03	6.198992e+01	6.198992e+01
2.600000e+01	2.800000e+01	5.600000e+03	5.291503e+01	5.291503e+01
2.800000e+01	3.000000e+01	4.119500e+03	4.538447e+01	4.538447e+01
3.000000e+01	3.200000e+01	3.001000e+03	3.873629e+01	3.873629e+01
3.200000e+01	3.400000e+01	2.248000e+03	3.352611e+01	3.352611e+01
3.400000e+01	3.600000e+01	1.727000e+03	2.938537e+01	2.938537e+01
3.600000e+01	3.800000e+01	1.281000e+03	2.530810e+01	2.530810e+01
3.800000e+01	4.000000e+01	9.175000e+02	2.141845e+01	2.141845e+01
4.000000e+01	4.200000e+01	6.760000e+02	1.838478e+01	1.838478e+01
4.200000e+01	4.400000e+01	5.010000e+02	1.582719e+01	1.582719e+01
4.400000e+01	4.600000e+01	4.035000e+02	1.420387e+01	1.420387e+01
4.600000e+01	4.800000e+01	3.155000e+02	1.255986e+01	1.255986e+01
4.800000e+01	5.000000e+01	2.190000e+02	1.046422e+01	1.046422e+01
5.000000e+01	5.200000e+01	1.535000e+02	8.760708e+00	8.760708e+00
5.200000e+01	5.400000e+01	1.250000e+02	7.905694e+00	7.905694e+00
5.400000e+01	5.600000e+01	9.350000e+01	6.837397e+00	6.837397e+00
5.600000e+01	5.800000e+01	7.250000e+01	6.020797e+00	6.020797e+00
5.800000e+01	6.000000e+01	5.250000e+01	5.123475e+00	5.123475e+00
6.000000e+01	6.200000e+01	3.800000e+01	4.358899e+00	4.358899e+00
6.200000e+01	6.400000e+01	3.000000e+01	3.872983e+00	3.872983e+00
6.400000e+01	6.600000e+01	2.200000e+01	3.316625e+00	3.316625e+00
6.600000e+01	6.800000e+01	1.550000e+01	2.783882e+00	2.783882e+00
6.800000e+01	7.000000e+01	1.350000e+01	2.598076e+00	2.598076e+00
7.000000e+01	7.200000e+01	1.450000e+01	2.692582e+00	2.692582e+00
7.200000e+01	7.400000e+01	7.000000e+00	1.870829e+00	1.870829e+00
7.400000e+01	7.600000e+01	3.500000e+00	1.322876e+00	1.322876e+00
7.600000e+01	7.800000e+01	4.000000e+00	1.414214e+00	1.414214e+00
7.800000e+01	8.000000e+01	2.500000e+00	1.118034e+00	1.118034e+00
8.000000e+01	8.200000e+01	3.500000e+00	1.322876e+00	1.322876e+00
8.200000e+01	8.400000e+01	1.000000e+00	7.071068e-01	7.071068e-01
8.400000e+01	8.600000e+01	2.000000e+00	1.000000e+00	1.000000e+00
8.600000e+01	8.800000e+01	2.000000e+00	1.000000e+00	1.000000e+00
8.800000e+01	9.000000e+01	3.000000e+00	1.224745e+00	1.224745e+00
9.000000e+01	9.200000e+01	1.500000e+00	8.660254e-01	8.660254e-01
9.200000e+01	9.400000e+01	5.000000e-01	5.000000e-01	5.000000e-01
9.400000e+01	9.600000e+01	5.000000e-01	5.000000e-01	5.000000e-01
9.600000e+01	9.800000e+01	2.000000e+00	1.000000e+00	1.000000e+00
9.800000e+01	1.000000e+02	5.000000e-01	5.000000e-01	5.000000e-01
1.000000e+02	1.020000e+02	1.000000e+00	7.071068e-01	7.071068e-01
1.020000e+02	1.040000e+02	0.000000e+00	0.000000e+00	0.000000e+00
1.040000e+02	1.060000e+02	0.000000e+00	0.000000e+00	0.000000e+00
1.060000e+02	1.080000e+02	5.000000e-01	5.000000e-01	5.000000e-01
1.080000e+02	1.100000e+02	0.000000e+00	0.000000e+00	0.000000e+00
1.100000e+02	1.120000e+02	0.000000e+00	0.000000e+00	0.000000e+00
1.120000e+02	1.140000e+02	0.000000e+00	0.000000e+00	0.000000e+00
1.140000e+02	1.160000e+02	0.000000e+00	0.000000e+00	0.000000e+00
1.160000e+02	1.180000e+02	0.000000e+00	0.000000e+00	0.000000e+00
1.180000e+02	1.200000e+02	0.000000e+00	0.000000e+00	0.000000e+00
# END HISTOGRAM

