# BEGIN PLOT
DrawOnly=/nfs/dust/cms/user/shwillia/BTV/Apr15/MC_Pythia6_QCD_Pt-50to80_MuEnrichedPt5_TuneZ2star_13TeV.yoda/BTAG_JET_TRACK_SEL/F_ChargedParticlePtRel_AllJets
Legend=1
LogY=1
# END PLOT

# BEGIN HISTOGRAM /nfs/dust/cms/user/shwillia/BTV/Apr15/MC_Pythia6_QCD_Pt-50to80_MuEnrichedPt5_TuneZ2star_13TeV.yoda/BTAG_JET_TRACK_SEL/F_ChargedParticlePtRel_AllJets
LineColor={[HTML]{EE3311}}
LineStyle=solid
Path=/nfs/dust/cms/user/shwillia/BTV/Apr15/MC_Pythia6_QCD_Pt-50to80_MuEnrichedPt5_TuneZ2star_13TeV.yoda/BTAG_JET_TRACK_SEL/F_ChargedParticlePtRel_AllJets
Title=MC_Pythia6_QCD_Pt-50to80_MuEnrichedPt5_TuneZ2star_13TeV
XLabel=
YLabel=
# xlow	 xhigh	 val	 errminus	 errplus
0.000000e+00	1.000000e-03	6.000000e+03	2.449490e+03	2.449490e+03
1.000000e-03	2.000000e-03	3.787000e+06	6.153861e+04	6.153861e+04
2.000000e-03	3.000000e-03	7.694200e+07	2.773842e+05	2.773842e+05
3.000000e-03	4.000000e-03	2.294720e+08	4.790324e+05	4.790324e+05
4.000000e-03	5.000000e-03	3.079440e+08	5.549270e+05	5.549270e+05
5.000000e-03	6.000000e-03	3.213050e+08	5.668377e+05	5.668377e+05
6.000000e-03	7.000000e-03	3.230970e+08	5.684162e+05	5.684162e+05
7.000000e-03	8.000000e-03	3.217090e+08	5.671940e+05	5.671940e+05
8.000000e-03	9.000000e-03	3.181920e+08	5.640851e+05	5.640851e+05
9.000000e-03	1.000000e-02	3.131960e+08	5.596392e+05	5.596392e+05
1.000000e-02	1.100000e-02	3.075240e+08	5.545485e+05	5.545485e+05
1.100000e-02	1.200000e-02	3.015240e+08	5.491120e+05	5.491120e+05
1.200000e-02	1.300000e-02	2.940080e+08	5.422250e+05	5.422250e+05
1.300000e-02	1.400000e-02	2.819780e+08	5.310160e+05	5.310160e+05
1.400000e-02	1.500000e-02	2.628990e+08	5.127368e+05	5.127368e+05
1.500000e-02	1.600000e-02	2.425400e+08	4.924835e+05	4.924835e+05
1.600000e-02	1.700000e-02	2.170960e+08	4.659356e+05	4.659356e+05
1.700000e-02	1.800000e-02	1.933500e+08	4.397158e+05	4.397158e+05
1.800000e-02	1.900000e-02	1.691480e+08	4.112761e+05	4.112761e+05
1.900000e-02	2.000000e-02	1.460700e+08	3.821911e+05	3.821911e+05
2.000000e-02	2.100000e-02	1.248980e+08	3.534091e+05	3.534091e+05
2.100000e-02	2.200000e-02	1.057510e+08	3.251938e+05	3.251938e+05
2.200000e-02	2.300000e-02	9.159800e+07	3.026516e+05	3.026516e+05
2.300000e-02	2.400000e-02	7.978300e+07	2.824588e+05	2.824588e+05
2.400000e-02	2.500000e-02	6.831900e+07	2.613790e+05	2.613790e+05
2.500000e-02	2.600000e-02	6.120100e+07	2.473884e+05	2.473884e+05
2.600000e-02	2.700000e-02	5.500900e+07	2.345400e+05	2.345400e+05
2.700000e-02	2.800000e-02	4.794500e+07	2.189635e+05	2.189635e+05
2.800000e-02	2.900000e-02	4.398800e+07	2.097332e+05	2.097332e+05
2.900000e-02	3.000000e-02	4.020200e+07	2.005044e+05	2.005044e+05
3.000000e-02	3.100000e-02	3.589400e+07	1.894571e+05	1.894571e+05
3.100000e-02	3.200000e-02	3.184400e+07	1.784489e+05	1.784489e+05
3.200000e-02	3.300000e-02	2.948800e+07	1.717207e+05	1.717207e+05
3.300000e-02	3.400000e-02	2.698200e+07	1.642620e+05	1.642620e+05
3.400000e-02	3.500000e-02	2.519400e+07	1.587262e+05	1.587262e+05
3.500000e-02	3.600000e-02	2.316400e+07	1.521972e+05	1.521972e+05
3.600000e-02	3.700000e-02	2.035200e+07	1.426604e+05	1.426604e+05
3.700000e-02	3.800000e-02	1.912800e+07	1.383040e+05	1.383040e+05
3.800000e-02	3.900000e-02	1.694700e+07	1.301806e+05	1.301806e+05
3.900000e-02	4.000000e-02	1.565300e+07	1.251119e+05	1.251119e+05
4.000000e-02	4.100000e-02	1.462600e+07	1.209380e+05	1.209380e+05
4.100000e-02	4.200000e-02	1.298600e+07	1.139561e+05	1.139561e+05
4.200000e-02	4.300000e-02	1.183300e+07	1.087796e+05	1.087796e+05
4.300000e-02	4.400000e-02	1.054900e+07	1.027083e+05	1.027083e+05
4.400000e-02	4.500000e-02	9.092000e+06	9.535198e+04	9.535198e+04
4.500000e-02	4.600000e-02	8.042000e+06	8.967720e+04	8.967720e+04
4.600000e-02	4.700000e-02	6.587000e+06	8.116034e+04	8.116034e+04
4.700000e-02	4.800000e-02	5.646000e+06	7.513987e+04	7.513987e+04
4.800000e-02	4.900000e-02	4.143000e+06	6.436614e+04	6.436614e+04
4.900000e-02	5.000000e-02	2.237000e+06	4.729693e+04	4.729693e+04
5.000000e-02	5.100000e-02	0.000000e+00	0.000000e+00	0.000000e+00
5.100000e-02	5.200000e-02	0.000000e+00	0.000000e+00	0.000000e+00
5.200000e-02	5.300000e-02	0.000000e+00	0.000000e+00	0.000000e+00
5.300000e-02	5.400000e-02	0.000000e+00	0.000000e+00	0.000000e+00
5.400000e-02	5.500000e-02	0.000000e+00	0.000000e+00	0.000000e+00
5.500000e-02	5.600000e-02	0.000000e+00	0.000000e+00	0.000000e+00
5.600000e-02	5.700000e-02	0.000000e+00	0.000000e+00	0.000000e+00
5.700000e-02	5.800000e-02	0.000000e+00	0.000000e+00	0.000000e+00
5.800000e-02	5.900000e-02	0.000000e+00	0.000000e+00	0.000000e+00
5.900000e-02	6.000000e-02	0.000000e+00	0.000000e+00	0.000000e+00
6.000000e-02	6.100000e-02	0.000000e+00	0.000000e+00	0.000000e+00
6.100000e-02	6.200000e-02	0.000000e+00	0.000000e+00	0.000000e+00
6.200000e-02	6.300000e-02	0.000000e+00	0.000000e+00	0.000000e+00
6.300000e-02	6.400000e-02	0.000000e+00	0.000000e+00	0.000000e+00
6.400000e-02	6.500000e-02	0.000000e+00	0.000000e+00	0.000000e+00
6.500000e-02	6.600000e-02	0.000000e+00	0.000000e+00	0.000000e+00
6.600000e-02	6.700000e-02	0.000000e+00	0.000000e+00	0.000000e+00
6.700000e-02	6.800000e-02	0.000000e+00	0.000000e+00	0.000000e+00
6.800000e-02	6.900000e-02	0.000000e+00	0.000000e+00	0.000000e+00
6.900000e-02	7.000000e-02	0.000000e+00	0.000000e+00	0.000000e+00
# END HISTOGRAM

