# BEGIN PLOT
DrawOnly=/nfs/dust/cms/user/shwillia/BTV/Apr15/MC_Pythia6_QCD_Pt-50to80_MuEnrichedPt5_TuneZ2star_13TeV.yoda/BTAG_JET_TRACK_SEL/F_ChargedParticlePtRel_CharmJets
Legend=1
LogY=1
# END PLOT

# BEGIN HISTOGRAM /nfs/dust/cms/user/shwillia/BTV/Apr15/MC_Pythia6_QCD_Pt-50to80_MuEnrichedPt5_TuneZ2star_13TeV.yoda/BTAG_JET_TRACK_SEL/F_ChargedParticlePtRel_CharmJets
LineColor={[HTML]{EE3311}}
LineStyle=solid
Path=/nfs/dust/cms/user/shwillia/BTV/Apr15/MC_Pythia6_QCD_Pt-50to80_MuEnrichedPt5_TuneZ2star_13TeV.yoda/BTAG_JET_TRACK_SEL/F_ChargedParticlePtRel_CharmJets
Title=MC_Pythia6_QCD_Pt-50to80_MuEnrichedPt5_TuneZ2star_13TeV
XLabel=
YLabel=
# xlow	 xhigh	 val	 errminus	 errplus
0.000000e+00	1.000000e-03	0.000000e+00	0.000000e+00	0.000000e+00
1.000000e-03	2.000000e-03	6.460000e+05	2.541653e+04	2.541653e+04
2.000000e-03	3.000000e-03	1.211700e+07	1.100772e+05	1.100772e+05
3.000000e-03	4.000000e-03	3.959800e+07	1.989925e+05	1.989925e+05
4.000000e-03	5.000000e-03	5.384900e+07	2.320539e+05	2.320539e+05
5.000000e-03	6.000000e-03	5.549600e+07	2.355759e+05	2.355759e+05
6.000000e-03	7.000000e-03	5.526800e+07	2.350915e+05	2.350915e+05
7.000000e-03	8.000000e-03	5.503800e+07	2.346018e+05	2.346018e+05
8.000000e-03	9.000000e-03	5.388300e+07	2.321271e+05	2.321271e+05
9.000000e-03	1.000000e-02	5.379500e+07	2.319375e+05	2.319375e+05
1.000000e-02	1.100000e-02	5.253900e+07	2.292139e+05	2.292139e+05
1.100000e-02	1.200000e-02	5.134600e+07	2.265966e+05	2.265966e+05
1.200000e-02	1.300000e-02	5.044200e+07	2.245930e+05	2.245930e+05
1.300000e-02	1.400000e-02	4.910000e+07	2.215852e+05	2.215852e+05
1.400000e-02	1.500000e-02	4.514000e+07	2.124618e+05	2.124618e+05
1.500000e-02	1.600000e-02	4.244700e+07	2.060267e+05	2.060267e+05
1.600000e-02	1.700000e-02	3.814900e+07	1.953177e+05	1.953177e+05
1.700000e-02	1.800000e-02	3.483100e+07	1.866307e+05	1.866307e+05
1.800000e-02	1.900000e-02	3.017000e+07	1.736951e+05	1.736951e+05
1.900000e-02	2.000000e-02	2.655400e+07	1.629540e+05	1.629540e+05
2.000000e-02	2.100000e-02	2.179600e+07	1.476347e+05	1.476347e+05
2.100000e-02	2.200000e-02	1.842800e+07	1.357498e+05	1.357498e+05
2.200000e-02	2.300000e-02	1.597300e+07	1.263843e+05	1.263843e+05
2.300000e-02	2.400000e-02	1.427300e+07	1.194697e+05	1.194697e+05
2.400000e-02	2.500000e-02	1.151100e+07	1.072893e+05	1.072893e+05
2.500000e-02	2.600000e-02	1.030300e+07	1.015037e+05	1.015037e+05
2.600000e-02	2.700000e-02	8.970000e+06	9.471008e+04	9.471008e+04
2.700000e-02	2.800000e-02	7.654000e+06	8.748714e+04	8.748714e+04
2.800000e-02	2.900000e-02	6.940000e+06	8.330666e+04	8.330666e+04
2.900000e-02	3.000000e-02	6.021000e+06	7.759510e+04	7.759510e+04
3.000000e-02	3.100000e-02	5.603000e+06	7.485319e+04	7.485319e+04
3.100000e-02	3.200000e-02	4.694000e+06	6.851277e+04	6.851277e+04
3.200000e-02	3.300000e-02	4.527000e+06	6.728298e+04	6.728298e+04
3.300000e-02	3.400000e-02	3.974000e+06	6.303967e+04	6.303967e+04
3.400000e-02	3.500000e-02	3.683000e+06	6.068773e+04	6.068773e+04
3.500000e-02	3.600000e-02	3.562000e+06	5.968249e+04	5.968249e+04
3.600000e-02	3.700000e-02	3.060000e+06	5.531727e+04	5.531727e+04
3.700000e-02	3.800000e-02	2.797000e+06	5.288667e+04	5.288667e+04
3.800000e-02	3.900000e-02	2.521000e+06	5.020956e+04	5.020956e+04
3.900000e-02	4.000000e-02	2.140000e+06	4.626013e+04	4.626013e+04
4.000000e-02	4.100000e-02	2.076000e+06	4.556314e+04	4.556314e+04
4.100000e-02	4.200000e-02	1.780000e+06	4.219005e+04	4.219005e+04
4.200000e-02	4.300000e-02	1.476000e+06	3.841875e+04	3.841875e+04
4.300000e-02	4.400000e-02	1.471000e+06	3.835362e+04	3.835362e+04
4.400000e-02	4.500000e-02	1.168000e+06	3.417601e+04	3.417601e+04
4.500000e-02	4.600000e-02	1.027000e+06	3.204684e+04	3.204684e+04
4.600000e-02	4.700000e-02	8.320000e+05	2.884441e+04	2.884441e+04
4.700000e-02	4.800000e-02	7.120000e+05	2.668333e+04	2.668333e+04
4.800000e-02	4.900000e-02	5.740000e+05	2.395830e+04	2.395830e+04
4.900000e-02	5.000000e-02	3.280000e+05	1.811077e+04	1.811077e+04
5.000000e-02	5.100000e-02	0.000000e+00	0.000000e+00	0.000000e+00
5.100000e-02	5.200000e-02	0.000000e+00	0.000000e+00	0.000000e+00
5.200000e-02	5.300000e-02	0.000000e+00	0.000000e+00	0.000000e+00
5.300000e-02	5.400000e-02	0.000000e+00	0.000000e+00	0.000000e+00
5.400000e-02	5.500000e-02	0.000000e+00	0.000000e+00	0.000000e+00
5.500000e-02	5.600000e-02	0.000000e+00	0.000000e+00	0.000000e+00
5.600000e-02	5.700000e-02	0.000000e+00	0.000000e+00	0.000000e+00
5.700000e-02	5.800000e-02	0.000000e+00	0.000000e+00	0.000000e+00
5.800000e-02	5.900000e-02	0.000000e+00	0.000000e+00	0.000000e+00
5.900000e-02	6.000000e-02	0.000000e+00	0.000000e+00	0.000000e+00
6.000000e-02	6.100000e-02	0.000000e+00	0.000000e+00	0.000000e+00
6.100000e-02	6.200000e-02	0.000000e+00	0.000000e+00	0.000000e+00
6.200000e-02	6.300000e-02	0.000000e+00	0.000000e+00	0.000000e+00
6.300000e-02	6.400000e-02	0.000000e+00	0.000000e+00	0.000000e+00
6.400000e-02	6.500000e-02	0.000000e+00	0.000000e+00	0.000000e+00
6.500000e-02	6.600000e-02	0.000000e+00	0.000000e+00	0.000000e+00
6.600000e-02	6.700000e-02	0.000000e+00	0.000000e+00	0.000000e+00
6.700000e-02	6.800000e-02	0.000000e+00	0.000000e+00	0.000000e+00
6.800000e-02	6.900000e-02	0.000000e+00	0.000000e+00	0.000000e+00
6.900000e-02	7.000000e-02	0.000000e+00	0.000000e+00	0.000000e+00
# END HISTOGRAM

