# BEGIN PLOT
DrawOnly=/nfs/dust/cms/user/shwillia/BTV/Apr15/MC_Pythia6_QCD_Pt-50to80_MuEnrichedPt5_TuneZ2star_13TeV.yoda/BTAG_JET_TRACK_SEL/F_ChargedParticlePtRel_LightJets
Legend=1
LogY=1
# END PLOT

# BEGIN HISTOGRAM /nfs/dust/cms/user/shwillia/BTV/Apr15/MC_Pythia6_QCD_Pt-50to80_MuEnrichedPt5_TuneZ2star_13TeV.yoda/BTAG_JET_TRACK_SEL/F_ChargedParticlePtRel_LightJets
LineColor={[HTML]{EE3311}}
LineStyle=solid
Path=/nfs/dust/cms/user/shwillia/BTV/Apr15/MC_Pythia6_QCD_Pt-50to80_MuEnrichedPt5_TuneZ2star_13TeV.yoda/BTAG_JET_TRACK_SEL/F_ChargedParticlePtRel_LightJets
Title=MC_Pythia6_QCD_Pt-50to80_MuEnrichedPt5_TuneZ2star_13TeV
XLabel=
YLabel=
# xlow	 xhigh	 val	 errminus	 errplus
0.000000e+00	1.000000e-03	6.000000e+03	2.449490e+03	2.449490e+03
1.000000e-03	2.000000e-03	2.671000e+06	5.168172e+04	5.168172e+04
2.000000e-03	3.000000e-03	5.429800e+07	2.330193e+05	2.330193e+05
3.000000e-03	4.000000e-03	1.552140e+08	3.939721e+05	3.939721e+05
4.000000e-03	5.000000e-03	2.035740e+08	4.511918e+05	4.511918e+05
5.000000e-03	6.000000e-03	2.101060e+08	4.583732e+05	4.583732e+05
6.000000e-03	7.000000e-03	2.106880e+08	4.590076e+05	4.590076e+05
7.000000e-03	8.000000e-03	2.094480e+08	4.576549e+05	4.576549e+05
8.000000e-03	9.000000e-03	2.079980e+08	4.560680e+05	4.560680e+05
9.000000e-03	1.000000e-02	2.039880e+08	4.516503e+05	4.516503e+05
1.000000e-02	1.100000e-02	1.985360e+08	4.455738e+05	4.455738e+05
1.100000e-02	1.200000e-02	1.945980e+08	4.411326e+05	4.411326e+05
1.200000e-02	1.300000e-02	1.889520e+08	4.346861e+05	4.346861e+05
1.300000e-02	1.400000e-02	1.803120e+08	4.246316e+05	4.246316e+05
1.400000e-02	1.500000e-02	1.672190e+08	4.089242e+05	4.089242e+05
1.500000e-02	1.600000e-02	1.533860e+08	3.916452e+05	3.916452e+05
1.600000e-02	1.700000e-02	1.368020e+08	3.698675e+05	3.698675e+05
1.700000e-02	1.800000e-02	1.202420e+08	3.467593e+05	3.467593e+05
1.800000e-02	1.900000e-02	1.050640e+08	3.241358e+05	3.241358e+05
1.900000e-02	2.000000e-02	8.897500e+07	2.982868e+05	2.982868e+05
2.000000e-02	2.100000e-02	7.698900e+07	2.774689e+05	2.774689e+05
2.100000e-02	2.200000e-02	6.420500e+07	2.533871e+05	2.533871e+05
2.200000e-02	2.300000e-02	5.556700e+07	2.357265e+05	2.357265e+05
2.300000e-02	2.400000e-02	4.840100e+07	2.200023e+05	2.200023e+05
2.400000e-02	2.500000e-02	4.170300e+07	2.042131e+05	2.042131e+05
2.500000e-02	2.600000e-02	3.783300e+07	1.945071e+05	1.945071e+05
2.600000e-02	2.700000e-02	3.440100e+07	1.854751e+05	1.854751e+05
2.700000e-02	2.800000e-02	3.026700e+07	1.739741e+05	1.739741e+05
2.800000e-02	2.900000e-02	2.812000e+07	1.676902e+05	1.676902e+05
2.900000e-02	3.000000e-02	2.577600e+07	1.605491e+05	1.605491e+05
3.000000e-02	3.100000e-02	2.293800e+07	1.514530e+05	1.514530e+05
3.100000e-02	3.200000e-02	2.077500e+07	1.441354e+05	1.441354e+05
3.200000e-02	3.300000e-02	1.932900e+07	1.390288e+05	1.390288e+05
3.300000e-02	3.400000e-02	1.788500e+07	1.337348e+05	1.337348e+05
3.400000e-02	3.500000e-02	1.703100e+07	1.305029e+05	1.305029e+05
3.500000e-02	3.600000e-02	1.547700e+07	1.244066e+05	1.244066e+05
3.600000e-02	3.700000e-02	1.378700e+07	1.174181e+05	1.174181e+05
3.700000e-02	3.800000e-02	1.297900e+07	1.139254e+05	1.139254e+05
3.800000e-02	3.900000e-02	1.178000e+07	1.085357e+05	1.085357e+05
3.900000e-02	4.000000e-02	1.091200e+07	1.044605e+05	1.044605e+05
4.000000e-02	4.100000e-02	1.022800e+07	1.011336e+05	1.011336e+05
4.100000e-02	4.200000e-02	9.049000e+06	9.512623e+04	9.512623e+04
4.200000e-02	4.300000e-02	8.584000e+06	9.264988e+04	9.264988e+04
4.300000e-02	4.400000e-02	7.575000e+06	8.703448e+04	8.703448e+04
4.400000e-02	4.500000e-02	6.522000e+06	8.075890e+04	8.075890e+04
4.500000e-02	4.600000e-02	5.875000e+06	7.664855e+04	7.664855e+04
4.600000e-02	4.700000e-02	4.770000e+06	6.906519e+04	6.906519e+04
4.700000e-02	4.800000e-02	4.103000e+06	6.405466e+04	6.405466e+04
4.800000e-02	4.900000e-02	3.007000e+06	5.483612e+04	5.483612e+04
4.900000e-02	5.000000e-02	1.659000e+06	4.073082e+04	4.073082e+04
5.000000e-02	5.100000e-02	0.000000e+00	0.000000e+00	0.000000e+00
5.100000e-02	5.200000e-02	0.000000e+00	0.000000e+00	0.000000e+00
5.200000e-02	5.300000e-02	0.000000e+00	0.000000e+00	0.000000e+00
5.300000e-02	5.400000e-02	0.000000e+00	0.000000e+00	0.000000e+00
5.400000e-02	5.500000e-02	0.000000e+00	0.000000e+00	0.000000e+00
5.500000e-02	5.600000e-02	0.000000e+00	0.000000e+00	0.000000e+00
5.600000e-02	5.700000e-02	0.000000e+00	0.000000e+00	0.000000e+00
5.700000e-02	5.800000e-02	0.000000e+00	0.000000e+00	0.000000e+00
5.800000e-02	5.900000e-02	0.000000e+00	0.000000e+00	0.000000e+00
5.900000e-02	6.000000e-02	0.000000e+00	0.000000e+00	0.000000e+00
6.000000e-02	6.100000e-02	0.000000e+00	0.000000e+00	0.000000e+00
6.100000e-02	6.200000e-02	0.000000e+00	0.000000e+00	0.000000e+00
6.200000e-02	6.300000e-02	0.000000e+00	0.000000e+00	0.000000e+00
6.300000e-02	6.400000e-02	0.000000e+00	0.000000e+00	0.000000e+00
6.400000e-02	6.500000e-02	0.000000e+00	0.000000e+00	0.000000e+00
6.500000e-02	6.600000e-02	0.000000e+00	0.000000e+00	0.000000e+00
6.600000e-02	6.700000e-02	0.000000e+00	0.000000e+00	0.000000e+00
6.700000e-02	6.800000e-02	0.000000e+00	0.000000e+00	0.000000e+00
6.800000e-02	6.900000e-02	0.000000e+00	0.000000e+00	0.000000e+00
6.900000e-02	7.000000e-02	0.000000e+00	0.000000e+00	0.000000e+00
# END HISTOGRAM

