# BEGIN PLOT
DrawOnly=/nfs/dust/cms/user/shwillia/BTV/Apr15/MC_Pythia6_QCD_Pt-50to80_MuEnrichedPt5_TuneZ2star_13TeV.yoda/BTAG_JET_TRACK_SEL/J_ChargedParticlePVDxy_BottomJets
Legend=1
LogY=1
# END PLOT

# BEGIN HISTOGRAM /nfs/dust/cms/user/shwillia/BTV/Apr15/MC_Pythia6_QCD_Pt-50to80_MuEnrichedPt5_TuneZ2star_13TeV.yoda/BTAG_JET_TRACK_SEL/J_ChargedParticlePVDxy_BottomJets
LineColor={[HTML]{EE3311}}
LineStyle=solid
Path=/nfs/dust/cms/user/shwillia/BTV/Apr15/MC_Pythia6_QCD_Pt-50to80_MuEnrichedPt5_TuneZ2star_13TeV.yoda/BTAG_JET_TRACK_SEL/J_ChargedParticlePVDxy_BottomJets
Title=MC_Pythia6_QCD_Pt-50to80_MuEnrichedPt5_TuneZ2star_13TeV
XLabel=
YLabel=
# xlow	 xhigh	 val	 errminus	 errplus
0.000000e+00	5.000000e-02	9.682040e+06	1.391549e+04	1.391549e+04
5.000000e-02	1.000000e-01	1.977220e+06	6.288434e+03	6.288434e+03
1.000000e-01	1.500000e-01	1.492180e+06	5.462930e+03	5.462930e+03
1.500000e-01	2.000000e-01	1.162160e+06	4.821120e+03	4.821120e+03
2.000000e-01	2.500000e-01	9.369400e+05	4.328834e+03	4.328834e+03
2.500000e-01	3.000000e-01	7.688800e+05	3.921428e+03	3.921428e+03
3.000000e-01	3.500000e-01	6.484000e+05	3.601111e+03	3.601111e+03
3.500000e-01	4.000000e-01	5.531400e+05	3.326079e+03	3.326079e+03
4.000000e-01	4.500000e-01	4.665200e+05	3.054570e+03	3.054570e+03
4.500000e-01	5.000000e-01	4.013600e+05	2.833231e+03	2.833231e+03
5.000000e-01	5.500000e-01	3.493800e+05	2.643407e+03	2.643407e+03
5.500000e-01	6.000000e-01	3.023200e+05	2.458943e+03	2.458943e+03
6.000000e-01	6.500000e-01	2.605000e+05	2.282542e+03	2.282542e+03
6.500000e-01	7.000000e-01	2.325800e+05	2.156757e+03	2.156757e+03
7.000000e-01	7.500000e-01	1.993400e+05	1.996697e+03	1.996697e+03
7.500000e-01	8.000000e-01	1.707800e+05	1.848134e+03	1.848134e+03
8.000000e-01	8.500000e-01	1.534000e+05	1.751571e+03	1.751571e+03
8.500000e-01	9.000000e-01	1.343800e+05	1.639390e+03	1.639390e+03
9.000000e-01	9.500000e-01	1.228800e+05	1.567673e+03	1.567673e+03
9.500000e-01	1.000000e+00	1.078600e+05	1.468741e+03	1.468741e+03
1.000000e+00	1.050000e+00	9.704000e+04	1.393126e+03	1.393126e+03
1.050000e+00	1.100000e+00	8.718000e+04	1.320454e+03	1.320454e+03
1.100000e+00	1.150000e+00	7.852000e+04	1.253156e+03	1.253156e+03
1.150000e+00	1.200000e+00	7.092000e+04	1.190966e+03	1.190966e+03
1.200000e+00	1.250000e+00	6.344000e+04	1.126410e+03	1.126410e+03
1.250000e+00	1.300000e+00	5.758000e+04	1.073126e+03	1.073126e+03
1.300000e+00	1.350000e+00	5.218000e+04	1.021567e+03	1.021567e+03
1.350000e+00	1.400000e+00	4.718000e+04	9.713908e+02	9.713908e+02
1.400000e+00	1.450000e+00	4.386000e+04	9.365896e+02	9.365896e+02
1.450000e+00	1.500000e+00	4.060000e+04	9.011104e+02	9.011104e+02
1.500000e+00	1.550000e+00	3.616000e+04	8.504117e+02	8.504117e+02
1.550000e+00	1.600000e+00	3.406000e+04	8.253484e+02	8.253484e+02
1.600000e+00	1.650000e+00	3.114000e+04	7.891768e+02	7.891768e+02
1.650000e+00	1.700000e+00	2.882000e+04	7.592101e+02	7.592101e+02
1.700000e+00	1.750000e+00	2.540000e+04	7.127412e+02	7.127412e+02
1.750000e+00	1.800000e+00	2.342000e+04	6.843975e+02	6.843975e+02
1.800000e+00	1.850000e+00	2.294000e+04	6.773478e+02	6.773478e+02
1.850000e+00	1.900000e+00	1.952000e+04	6.248200e+02	6.248200e+02
1.900000e+00	1.950000e+00	1.966000e+04	6.270566e+02	6.270566e+02
1.950000e+00	2.000000e+00	1.776000e+04	5.959866e+02	5.959866e+02
2.000000e+00	2.050000e+00	0.000000e+00	0.000000e+00	0.000000e+00
2.050000e+00	2.100000e+00	0.000000e+00	0.000000e+00	0.000000e+00
2.100000e+00	2.150000e+00	0.000000e+00	0.000000e+00	0.000000e+00
2.150000e+00	2.200000e+00	0.000000e+00	0.000000e+00	0.000000e+00
2.200000e+00	2.250000e+00	0.000000e+00	0.000000e+00	0.000000e+00
2.250000e+00	2.300000e+00	0.000000e+00	0.000000e+00	0.000000e+00
2.300000e+00	2.350000e+00	0.000000e+00	0.000000e+00	0.000000e+00
2.350000e+00	2.400000e+00	0.000000e+00	0.000000e+00	0.000000e+00
2.400000e+00	2.450000e+00	0.000000e+00	0.000000e+00	0.000000e+00
2.450000e+00	2.500000e+00	0.000000e+00	0.000000e+00	0.000000e+00
2.500000e+00	2.550000e+00	0.000000e+00	0.000000e+00	0.000000e+00
2.550000e+00	2.600000e+00	0.000000e+00	0.000000e+00	0.000000e+00
2.600000e+00	2.650000e+00	0.000000e+00	0.000000e+00	0.000000e+00
2.650000e+00	2.700000e+00	0.000000e+00	0.000000e+00	0.000000e+00
2.700000e+00	2.750000e+00	0.000000e+00	0.000000e+00	0.000000e+00
2.750000e+00	2.800000e+00	0.000000e+00	0.000000e+00	0.000000e+00
2.800000e+00	2.850000e+00	0.000000e+00	0.000000e+00	0.000000e+00
2.850000e+00	2.900000e+00	0.000000e+00	0.000000e+00	0.000000e+00
2.900000e+00	2.950000e+00	0.000000e+00	0.000000e+00	0.000000e+00
2.950000e+00	3.000000e+00	0.000000e+00	0.000000e+00	0.000000e+00
# END HISTOGRAM

