# BEGIN PLOT
DrawOnly=/nfs/dust/cms/user/shwillia/BTV/Apr15/MC_Pythia6_QCD_Pt-50to80_MuEnrichedPt5_TuneZ2star_13TeV.yoda/BTAG_JET_TRACK_SEL/T_MuonPtRel_BottomJets
Legend=1
LogY=1
# END PLOT

# BEGIN HISTOGRAM /nfs/dust/cms/user/shwillia/BTV/Apr15/MC_Pythia6_QCD_Pt-50to80_MuEnrichedPt5_TuneZ2star_13TeV.yoda/BTAG_JET_TRACK_SEL/T_MuonPtRel_BottomJets
LineColor={[HTML]{EE3311}}
LineStyle=solid
Path=/nfs/dust/cms/user/shwillia/BTV/Apr15/MC_Pythia6_QCD_Pt-50to80_MuEnrichedPt5_TuneZ2star_13TeV.yoda/BTAG_JET_TRACK_SEL/T_MuonPtRel_BottomJets
Title=MC_Pythia6_QCD_Pt-50to80_MuEnrichedPt5_TuneZ2star_13TeV
XLabel=
YLabel=
# xlow	 xhigh	 val	 errminus	 errplus
0.000000e+00	5.000000e-01	9.361000e+04	4.326893e+02	4.326893e+02
5.000000e-01	1.000000e+00	1.053940e+05	4.591165e+02	4.591165e+02
1.000000e+00	1.500000e+00	8.806600e+04	4.196808e+02	4.196808e+02
1.500000e+00	2.000000e+00	4.598000e+04	3.032491e+02	3.032491e+02
2.000000e+00	2.500000e+00	1.268200e+04	1.592608e+02	1.592608e+02
2.500000e+00	3.000000e+00	3.962000e+03	8.901685e+01	8.901685e+01
3.000000e+00	3.500000e+00	1.612000e+03	5.678028e+01	5.678028e+01
3.500000e+00	4.000000e+00	6.360000e+02	3.566511e+01	3.566511e+01
4.000000e+00	4.500000e+00	3.240000e+02	2.545584e+01	2.545584e+01
4.500000e+00	5.000000e+00	1.460000e+02	1.708801e+01	1.708801e+01
5.000000e+00	5.500000e+00	6.800000e+01	1.166190e+01	1.166190e+01
5.500000e+00	6.000000e+00	2.400000e+01	6.928203e+00	6.928203e+00
6.000000e+00	6.500000e+00	1.800000e+01	6.000000e+00	6.000000e+00
6.500000e+00	7.000000e+00	4.000000e+00	2.828427e+00	2.828427e+00
7.000000e+00	7.500000e+00	2.000000e+00	2.000000e+00	2.000000e+00
7.500000e+00	8.000000e+00	0.000000e+00	0.000000e+00	0.000000e+00
8.000000e+00	8.500000e+00	0.000000e+00	0.000000e+00	0.000000e+00
8.500000e+00	9.000000e+00	0.000000e+00	0.000000e+00	0.000000e+00
9.000000e+00	9.500000e+00	0.000000e+00	0.000000e+00	0.000000e+00
9.500000e+00	1.000000e+01	0.000000e+00	0.000000e+00	0.000000e+00
1.000000e+01	1.050000e+01	0.000000e+00	0.000000e+00	0.000000e+00
1.050000e+01	1.100000e+01	0.000000e+00	0.000000e+00	0.000000e+00
1.100000e+01	1.150000e+01	0.000000e+00	0.000000e+00	0.000000e+00
1.150000e+01	1.200000e+01	0.000000e+00	0.000000e+00	0.000000e+00
1.200000e+01	1.250000e+01	0.000000e+00	0.000000e+00	0.000000e+00
1.250000e+01	1.300000e+01	0.000000e+00	0.000000e+00	0.000000e+00
1.300000e+01	1.350000e+01	0.000000e+00	0.000000e+00	0.000000e+00
1.350000e+01	1.400000e+01	0.000000e+00	0.000000e+00	0.000000e+00
1.400000e+01	1.450000e+01	0.000000e+00	0.000000e+00	0.000000e+00
1.450000e+01	1.500000e+01	0.000000e+00	0.000000e+00	0.000000e+00
1.500000e+01	1.550000e+01	0.000000e+00	0.000000e+00	0.000000e+00
1.550000e+01	1.600000e+01	0.000000e+00	0.000000e+00	0.000000e+00
1.600000e+01	1.650000e+01	0.000000e+00	0.000000e+00	0.000000e+00
1.650000e+01	1.700000e+01	0.000000e+00	0.000000e+00	0.000000e+00
1.700000e+01	1.750000e+01	0.000000e+00	0.000000e+00	0.000000e+00
1.750000e+01	1.800000e+01	0.000000e+00	0.000000e+00	0.000000e+00
1.800000e+01	1.850000e+01	0.000000e+00	0.000000e+00	0.000000e+00
1.850000e+01	1.900000e+01	0.000000e+00	0.000000e+00	0.000000e+00
1.900000e+01	1.950000e+01	0.000000e+00	0.000000e+00	0.000000e+00
1.950000e+01	2.000000e+01	0.000000e+00	0.000000e+00	0.000000e+00
# END HISTOGRAM

