# BEGIN PLOT
DrawOnly=/nfs/dust/cms/user/shwillia/BTV/Apr15/MC_Pythia6_QCD_Pt-50to80_MuEnrichedPt5_TuneZ2star_13TeV.yoda/BTAG_JET_TRACK_SEL/U_MuonJetDr_AllJets
Legend=1
LogY=1
# END PLOT

# BEGIN HISTOGRAM /nfs/dust/cms/user/shwillia/BTV/Apr15/MC_Pythia6_QCD_Pt-50to80_MuEnrichedPt5_TuneZ2star_13TeV.yoda/BTAG_JET_TRACK_SEL/U_MuonJetDr_AllJets
LineColor={[HTML]{EE3311}}
LineStyle=solid
Path=/nfs/dust/cms/user/shwillia/BTV/Apr15/MC_Pythia6_QCD_Pt-50to80_MuEnrichedPt5_TuneZ2star_13TeV.yoda/BTAG_JET_TRACK_SEL/U_MuonJetDr_AllJets
Title=MC_Pythia6_QCD_Pt-50to80_MuEnrichedPt5_TuneZ2star_13TeV
XLabel=
YLabel=
# xlow	 xhigh	 val	 errminus	 errplus
0.000000e+00	1.000000e-02	8.351000e+05	9.138381e+03	9.138381e+03
1.000000e-02	2.000000e-02	2.328500e+06	1.525942e+04	1.525942e+04
2.000000e-02	3.000000e-02	3.355200e+06	1.831721e+04	1.831721e+04
3.000000e-02	4.000000e-02	3.860300e+06	1.964765e+04	1.964765e+04
4.000000e-02	5.000000e-02	4.065200e+06	2.016234e+04	2.016234e+04
5.000000e-02	6.000000e-02	3.933400e+06	1.983280e+04	1.983280e+04
6.000000e-02	7.000000e-02	3.743300e+06	1.934761e+04	1.934761e+04
7.000000e-02	8.000000e-02	3.423400e+06	1.850243e+04	1.850243e+04
8.000000e-02	9.000000e-02	3.077300e+06	1.754223e+04	1.754223e+04
9.000000e-02	1.000000e-01	2.735400e+06	1.653904e+04	1.653904e+04
1.000000e-01	1.100000e-01	2.433500e+06	1.559968e+04	1.559968e+04
1.100000e-01	1.200000e-01	2.141000e+06	1.463216e+04	1.463216e+04
1.200000e-01	1.300000e-01	1.929300e+06	1.388992e+04	1.388992e+04
1.300000e-01	1.400000e-01	1.702200e+06	1.304684e+04	1.304684e+04
1.400000e-01	1.500000e-01	1.519200e+06	1.232558e+04	1.232558e+04
1.500000e-01	1.600000e-01	1.339100e+06	1.157195e+04	1.157195e+04
1.600000e-01	1.700000e-01	1.194900e+06	1.093115e+04	1.093115e+04
1.700000e-01	1.800000e-01	1.080500e+06	1.039471e+04	1.039471e+04
1.800000e-01	1.900000e-01	9.774000e+05	9.886354e+03	9.886354e+03
1.900000e-01	2.000000e-01	8.953000e+05	9.462029e+03	9.462029e+03
2.000000e-01	2.100000e-01	7.921000e+05	8.900000e+03	8.900000e+03
2.100000e-01	2.200000e-01	7.159000e+05	8.461087e+03	8.461087e+03
2.200000e-01	2.300000e-01	6.485000e+05	8.052950e+03	8.052950e+03
2.300000e-01	2.400000e-01	6.031000e+05	7.765951e+03	7.765951e+03
2.400000e-01	2.500000e-01	5.481000e+05	7.403378e+03	7.403378e+03
2.500000e-01	2.600000e-01	4.964000e+05	7.045566e+03	7.045566e+03
2.600000e-01	2.700000e-01	4.559000e+05	6.752037e+03	6.752037e+03
2.700000e-01	2.800000e-01	4.208000e+05	6.486910e+03	6.486910e+03
2.800000e-01	2.900000e-01	3.792000e+05	6.157922e+03	6.157922e+03
2.900000e-01	3.000000e-01	3.491000e+05	5.908468e+03	5.908468e+03
3.000000e-01	3.100000e-01	0.000000e+00	0.000000e+00	0.000000e+00
3.100000e-01	3.200000e-01	0.000000e+00	0.000000e+00	0.000000e+00
3.200000e-01	3.300000e-01	0.000000e+00	0.000000e+00	0.000000e+00
3.300000e-01	3.400000e-01	0.000000e+00	0.000000e+00	0.000000e+00
3.400000e-01	3.500000e-01	0.000000e+00	0.000000e+00	0.000000e+00
3.500000e-01	3.600000e-01	0.000000e+00	0.000000e+00	0.000000e+00
3.600000e-01	3.700000e-01	0.000000e+00	0.000000e+00	0.000000e+00
3.700000e-01	3.800000e-01	0.000000e+00	0.000000e+00	0.000000e+00
3.800000e-01	3.900000e-01	0.000000e+00	0.000000e+00	0.000000e+00
3.900000e-01	4.000000e-01	0.000000e+00	0.000000e+00	0.000000e+00
4.000000e-01	4.100000e-01	0.000000e+00	0.000000e+00	0.000000e+00
4.100000e-01	4.200000e-01	0.000000e+00	0.000000e+00	0.000000e+00
4.200000e-01	4.300000e-01	0.000000e+00	0.000000e+00	0.000000e+00
4.300000e-01	4.400000e-01	0.000000e+00	0.000000e+00	0.000000e+00
4.400000e-01	4.500000e-01	0.000000e+00	0.000000e+00	0.000000e+00
4.500000e-01	4.600000e-01	0.000000e+00	0.000000e+00	0.000000e+00
4.600000e-01	4.700000e-01	0.000000e+00	0.000000e+00	0.000000e+00
4.700000e-01	4.800000e-01	0.000000e+00	0.000000e+00	0.000000e+00
4.800000e-01	4.900000e-01	0.000000e+00	0.000000e+00	0.000000e+00
4.900000e-01	5.000000e-01	0.000000e+00	0.000000e+00	0.000000e+00
5.000000e-01	5.100000e-01	0.000000e+00	0.000000e+00	0.000000e+00
5.100000e-01	5.200000e-01	0.000000e+00	0.000000e+00	0.000000e+00
5.200000e-01	5.300000e-01	0.000000e+00	0.000000e+00	0.000000e+00
5.300000e-01	5.400000e-01	0.000000e+00	0.000000e+00	0.000000e+00
5.400000e-01	5.500000e-01	0.000000e+00	0.000000e+00	0.000000e+00
5.500000e-01	5.600000e-01	0.000000e+00	0.000000e+00	0.000000e+00
5.600000e-01	5.700000e-01	0.000000e+00	0.000000e+00	0.000000e+00
5.700000e-01	5.800000e-01	0.000000e+00	0.000000e+00	0.000000e+00
5.800000e-01	5.900000e-01	0.000000e+00	0.000000e+00	0.000000e+00
5.900000e-01	6.000000e-01	0.000000e+00	0.000000e+00	0.000000e+00
6.000000e-01	6.100000e-01	0.000000e+00	0.000000e+00	0.000000e+00
6.100000e-01	6.200000e-01	0.000000e+00	0.000000e+00	0.000000e+00
6.200000e-01	6.300000e-01	0.000000e+00	0.000000e+00	0.000000e+00
6.300000e-01	6.400000e-01	0.000000e+00	0.000000e+00	0.000000e+00
6.400000e-01	6.500000e-01	0.000000e+00	0.000000e+00	0.000000e+00
6.500000e-01	6.600000e-01	0.000000e+00	0.000000e+00	0.000000e+00
6.600000e-01	6.700000e-01	0.000000e+00	0.000000e+00	0.000000e+00
6.700000e-01	6.800000e-01	0.000000e+00	0.000000e+00	0.000000e+00
6.800000e-01	6.900000e-01	0.000000e+00	0.000000e+00	0.000000e+00
6.900000e-01	7.000000e-01	0.000000e+00	0.000000e+00	0.000000e+00
# END HISTOGRAM

