# BEGIN PLOT
DrawOnly=/nfs/dust/cms/user/shwillia/BTV/Apr15/MC_Pythia6_QCD_Pt-50to80_MuEnrichedPt5_TuneZ2star_13TeV/BTAG_JET_TRACK_SEL.yoda/BTAG_JET_TRACK_SEL/C_NChargedParticles_CharmJets /nfs/dust/cms/user/shwillia/BTV/Apr15/MC_Pythia8_QCD_Pt-50to80_MuEnrichedPt5_Tune4C_13TeV/BTAG_JET_TRACK_SEL.yoda/BTAG_JET_TRACK_SEL/C_NChargedParticles_CharmJets /nfs/dust/cms/user/shwillia/BTV/Apr15/MC_Pythia8_QCD_Pt-50to80_MuEnrichedPt5_PionKaonDecay_Tune4C_13TeV/BTAG_JET_TRACK_SEL.yoda/BTAG_JET_TRACK_SEL/C_NChargedParticles_CharmJets
RatioPlotReference=/nfs/dust/cms/user/shwillia/BTV/Apr15/MC_Pythia6_QCD_Pt-50to80_MuEnrichedPt5_TuneZ2star_13TeV/BTAG_JET_TRACK_SEL.yoda/BTAG_JET_TRACK_SEL/C_NChargedParticles_CharmJets
RatioPlot=1
Legend=1
XLabel=$N(CP)$
YLabel=Normalized to Unity
LogY=1
NormalizeToSum=1
# END PLOT

# BEGIN HISTOGRAM /nfs/dust/cms/user/shwillia/BTV/Apr15/MC_Pythia6_QCD_Pt-50to80_MuEnrichedPt5_TuneZ2star_13TeV/BTAG_JET_TRACK_SEL.yoda/BTAG_JET_TRACK_SEL/C_NChargedParticles_CharmJets
LineColor={[HTML]{EE3311}}
LineStyle=solid
Path=/nfs/dust/cms/user/shwillia/BTV/Apr15/MC_Pythia6_QCD_Pt-50to80_MuEnrichedPt5_TuneZ2star_13TeV/BTAG_JET_TRACK_SEL.yoda/BTAG_JET_TRACK_SEL/C_NChargedParticles_CharmJets
Title=BTAG_JET_TRACK_SEL
XLabel=
YLabel=
# xlow	 xhigh	 val	 errminus	 errplus
0.000000e+00	1.000000e+00	1.726400e+04	1.313925e+02	1.313925e+02
1.000000e+00	2.000000e+00	1.067800e+04	1.033344e+02	1.033344e+02
2.000000e+00	3.000000e+00	2.186800e+04	1.478783e+02	1.478783e+02
3.000000e+00	4.000000e+00	3.622000e+04	1.903155e+02	1.903155e+02
4.000000e+00	5.000000e+00	3.970800e+04	1.992687e+02	1.992687e+02
5.000000e+00	6.000000e+00	3.530100e+04	1.878856e+02	1.878856e+02
6.000000e+00	7.000000e+00	2.596300e+04	1.611304e+02	1.611304e+02
7.000000e+00	8.000000e+00	1.703200e+04	1.305067e+02	1.305067e+02
8.000000e+00	9.000000e+00	1.023800e+04	1.011830e+02	1.011830e+02
9.000000e+00	1.000000e+01	5.726000e+03	7.567034e+01	7.567034e+01
1.000000e+01	1.100000e+01	2.991000e+03	5.469004e+01	5.469004e+01
1.100000e+01	1.200000e+01	1.486000e+03	3.854867e+01	3.854867e+01
1.200000e+01	1.300000e+01	7.220000e+02	2.687006e+01	2.687006e+01
1.300000e+01	1.400000e+01	3.500000e+02	1.870829e+01	1.870829e+01
1.400000e+01	1.500000e+01	1.510000e+02	1.228821e+01	1.228821e+01
1.500000e+01	1.600000e+01	7.200000e+01	8.485281e+00	8.485281e+00
1.600000e+01	1.700000e+01	2.300000e+01	4.795832e+00	4.795832e+00
1.700000e+01	1.800000e+01	1.100000e+01	3.316625e+00	3.316625e+00
1.800000e+01	1.900000e+01	1.000000e+00	1.000000e+00	1.000000e+00
1.900000e+01	2.000000e+01	6.000000e+00	2.449490e+00	2.449490e+00
2.000000e+01	2.100000e+01	4.000000e+00	2.000000e+00	2.000000e+00
2.100000e+01	2.200000e+01	0.000000e+00	0.000000e+00	0.000000e+00
2.200000e+01	2.300000e+01	0.000000e+00	0.000000e+00	0.000000e+00
2.300000e+01	2.400000e+01	0.000000e+00	0.000000e+00	0.000000e+00
2.400000e+01	2.500000e+01	0.000000e+00	0.000000e+00	0.000000e+00
2.500000e+01	2.600000e+01	0.000000e+00	0.000000e+00	0.000000e+00
2.600000e+01	2.700000e+01	0.000000e+00	0.000000e+00	0.000000e+00
2.700000e+01	2.800000e+01	0.000000e+00	0.000000e+00	0.000000e+00
2.800000e+01	2.900000e+01	0.000000e+00	0.000000e+00	0.000000e+00
2.900000e+01	3.000000e+01	0.000000e+00	0.000000e+00	0.000000e+00
3.000000e+01	3.100000e+01	0.000000e+00	0.000000e+00	0.000000e+00
3.100000e+01	3.200000e+01	0.000000e+00	0.000000e+00	0.000000e+00
3.200000e+01	3.300000e+01	0.000000e+00	0.000000e+00	0.000000e+00
3.300000e+01	3.400000e+01	0.000000e+00	0.000000e+00	0.000000e+00
3.400000e+01	3.500000e+01	0.000000e+00	0.000000e+00	0.000000e+00
3.500000e+01	3.600000e+01	0.000000e+00	0.000000e+00	0.000000e+00
3.600000e+01	3.700000e+01	0.000000e+00	0.000000e+00	0.000000e+00
3.700000e+01	3.800000e+01	0.000000e+00	0.000000e+00	0.000000e+00
3.800000e+01	3.900000e+01	0.000000e+00	0.000000e+00	0.000000e+00
3.900000e+01	4.000000e+01	0.000000e+00	0.000000e+00	0.000000e+00
4.000000e+01	4.100000e+01	0.000000e+00	0.000000e+00	0.000000e+00
4.100000e+01	4.200000e+01	0.000000e+00	0.000000e+00	0.000000e+00
4.200000e+01	4.300000e+01	0.000000e+00	0.000000e+00	0.000000e+00
4.300000e+01	4.400000e+01	0.000000e+00	0.000000e+00	0.000000e+00
4.400000e+01	4.500000e+01	0.000000e+00	0.000000e+00	0.000000e+00
4.500000e+01	4.600000e+01	0.000000e+00	0.000000e+00	0.000000e+00
4.600000e+01	4.700000e+01	0.000000e+00	0.000000e+00	0.000000e+00
4.700000e+01	4.800000e+01	0.000000e+00	0.000000e+00	0.000000e+00
4.800000e+01	4.900000e+01	0.000000e+00	0.000000e+00	0.000000e+00
4.900000e+01	5.000000e+01	0.000000e+00	0.000000e+00	0.000000e+00
# END HISTOGRAM

# BEGIN HISTOGRAM /nfs/dust/cms/user/shwillia/BTV/Apr15/MC_Pythia8_QCD_Pt-50to80_MuEnrichedPt5_Tune4C_13TeV/BTAG_JET_TRACK_SEL.yoda/BTAG_JET_TRACK_SEL/C_NChargedParticles_CharmJets
LineColor={[HTML]{3366FF}}
LineStyle=solid
Path=/nfs/dust/cms/user/shwillia/BTV/Apr15/MC_Pythia8_QCD_Pt-50to80_MuEnrichedPt5_Tune4C_13TeV/BTAG_JET_TRACK_SEL.yoda/BTAG_JET_TRACK_SEL/C_NChargedParticles_CharmJets
Title=BTAG_JET_TRACK_SEL
XLabel=
YLabel=
# xlow	 xhigh	 val	 errminus	 errplus
0.000000e+00	1.000000e+00	7.921900e+04	2.814587e+02	2.814587e+02
1.000000e+00	2.000000e+00	5.647100e+04	2.376363e+02	2.376363e+02
2.000000e+00	3.000000e+00	1.008720e+05	3.176035e+02	3.176035e+02
3.000000e+00	4.000000e+00	1.643730e+05	4.054294e+02	4.054294e+02
4.000000e+00	5.000000e+00	1.725360e+05	4.153745e+02	4.153745e+02
5.000000e+00	6.000000e+00	1.519950e+05	3.898654e+02	3.898654e+02
6.000000e+00	7.000000e+00	1.096410e+05	3.311208e+02	3.311208e+02
7.000000e+00	8.000000e+00	7.288700e+04	2.699759e+02	2.699759e+02
8.000000e+00	9.000000e+00	4.374800e+04	2.091602e+02	2.091602e+02
9.000000e+00	1.000000e+01	2.500800e+04	1.581392e+02	1.581392e+02
1.000000e+01	1.100000e+01	1.310300e+04	1.144683e+02	1.144683e+02
1.100000e+01	1.200000e+01	6.758000e+03	8.220706e+01	8.220706e+01
1.200000e+01	1.300000e+01	3.347000e+03	5.785326e+01	5.785326e+01
1.300000e+01	1.400000e+01	1.620000e+03	4.024922e+01	4.024922e+01
1.400000e+01	1.500000e+01	7.310000e+02	2.703701e+01	2.703701e+01
1.500000e+01	1.600000e+01	3.310000e+02	1.819341e+01	1.819341e+01
1.600000e+01	1.700000e+01	1.450000e+02	1.204159e+01	1.204159e+01
1.700000e+01	1.800000e+01	5.300000e+01	7.280110e+00	7.280110e+00
1.800000e+01	1.900000e+01	1.600000e+01	4.000000e+00	4.000000e+00
1.900000e+01	2.000000e+01	1.200000e+01	3.464102e+00	3.464102e+00
2.000000e+01	2.100000e+01	4.000000e+00	2.000000e+00	2.000000e+00
2.100000e+01	2.200000e+01	1.000000e+00	1.000000e+00	1.000000e+00
2.200000e+01	2.300000e+01	0.000000e+00	0.000000e+00	0.000000e+00
2.300000e+01	2.400000e+01	1.000000e+00	1.000000e+00	1.000000e+00
2.400000e+01	2.500000e+01	0.000000e+00	0.000000e+00	0.000000e+00
2.500000e+01	2.600000e+01	0.000000e+00	0.000000e+00	0.000000e+00
2.600000e+01	2.700000e+01	0.000000e+00	0.000000e+00	0.000000e+00
2.700000e+01	2.800000e+01	0.000000e+00	0.000000e+00	0.000000e+00
2.800000e+01	2.900000e+01	0.000000e+00	0.000000e+00	0.000000e+00
2.900000e+01	3.000000e+01	0.000000e+00	0.000000e+00	0.000000e+00
3.000000e+01	3.100000e+01	0.000000e+00	0.000000e+00	0.000000e+00
3.100000e+01	3.200000e+01	0.000000e+00	0.000000e+00	0.000000e+00
3.200000e+01	3.300000e+01	0.000000e+00	0.000000e+00	0.000000e+00
3.300000e+01	3.400000e+01	0.000000e+00	0.000000e+00	0.000000e+00
3.400000e+01	3.500000e+01	0.000000e+00	0.000000e+00	0.000000e+00
3.500000e+01	3.600000e+01	0.000000e+00	0.000000e+00	0.000000e+00
3.600000e+01	3.700000e+01	0.000000e+00	0.000000e+00	0.000000e+00
3.700000e+01	3.800000e+01	0.000000e+00	0.000000e+00	0.000000e+00
3.800000e+01	3.900000e+01	0.000000e+00	0.000000e+00	0.000000e+00
3.900000e+01	4.000000e+01	0.000000e+00	0.000000e+00	0.000000e+00
4.000000e+01	4.100000e+01	0.000000e+00	0.000000e+00	0.000000e+00
4.100000e+01	4.200000e+01	0.000000e+00	0.000000e+00	0.000000e+00
4.200000e+01	4.300000e+01	0.000000e+00	0.000000e+00	0.000000e+00
4.300000e+01	4.400000e+01	0.000000e+00	0.000000e+00	0.000000e+00
4.400000e+01	4.500000e+01	0.000000e+00	0.000000e+00	0.000000e+00
4.500000e+01	4.600000e+01	0.000000e+00	0.000000e+00	0.000000e+00
4.600000e+01	4.700000e+01	0.000000e+00	0.000000e+00	0.000000e+00
4.700000e+01	4.800000e+01	0.000000e+00	0.000000e+00	0.000000e+00
4.800000e+01	4.900000e+01	0.000000e+00	0.000000e+00	0.000000e+00
4.900000e+01	5.000000e+01	0.000000e+00	0.000000e+00	0.000000e+00
# END HISTOGRAM

# BEGIN HISTOGRAM /nfs/dust/cms/user/shwillia/BTV/Apr15/MC_Pythia8_QCD_Pt-50to80_MuEnrichedPt5_PionKaonDecay_Tune4C_13TeV/BTAG_JET_TRACK_SEL.yoda/BTAG_JET_TRACK_SEL/C_NChargedParticles_CharmJets
LineColor={[HTML]{109618}}
LineStyle=solid
Path=/nfs/dust/cms/user/shwillia/BTV/Apr15/MC_Pythia8_QCD_Pt-50to80_MuEnrichedPt5_PionKaonDecay_Tune4C_13TeV/BTAG_JET_TRACK_SEL.yoda/BTAG_JET_TRACK_SEL/C_NChargedParticles_CharmJets
Title=BTAG_JET_TRACK_SEL
XLabel=
YLabel=
# xlow	 xhigh	 val	 errminus	 errplus
0.000000e+00	1.000000e+00	1.415840e+05	3.762765e+02	3.762765e+02
1.000000e+00	2.000000e+00	1.013260e+05	3.183175e+02	3.183175e+02
2.000000e+00	3.000000e+00	1.882740e+05	4.339055e+02	4.339055e+02
3.000000e+00	4.000000e+00	2.822410e+05	5.312636e+02	5.312636e+02
4.000000e+00	5.000000e+00	2.942290e+05	5.424288e+02	5.424288e+02
5.000000e+00	6.000000e+00	2.543170e+05	5.042985e+02	5.042985e+02
6.000000e+00	7.000000e+00	1.835510e+05	4.284285e+02	4.284285e+02
7.000000e+00	8.000000e+00	1.203880e+05	3.469697e+02	3.469697e+02
8.000000e+00	9.000000e+00	7.249800e+04	2.692545e+02	2.692545e+02
9.000000e+00	1.000000e+01	4.088600e+04	2.022029e+02	2.022029e+02
1.000000e+01	1.100000e+01	2.211100e+04	1.486977e+02	1.486977e+02
1.100000e+01	1.200000e+01	1.095500e+04	1.046661e+02	1.046661e+02
1.200000e+01	1.300000e+01	5.386000e+03	7.338937e+01	7.338937e+01
1.300000e+01	1.400000e+01	2.628000e+03	5.126402e+01	5.126402e+01
1.400000e+01	1.500000e+01	1.161000e+03	3.407345e+01	3.407345e+01
1.500000e+01	1.600000e+01	5.220000e+02	2.284732e+01	2.284732e+01
1.600000e+01	1.700000e+01	1.980000e+02	1.407125e+01	1.407125e+01
1.700000e+01	1.800000e+01	9.400000e+01	9.695360e+00	9.695360e+00
1.800000e+01	1.900000e+01	4.100000e+01	6.403124e+00	6.403124e+00
1.900000e+01	2.000000e+01	1.200000e+01	3.464102e+00	3.464102e+00
2.000000e+01	2.100000e+01	4.000000e+00	2.000000e+00	2.000000e+00
2.100000e+01	2.200000e+01	1.000000e+00	1.000000e+00	1.000000e+00
2.200000e+01	2.300000e+01	2.000000e+00	1.414214e+00	1.414214e+00
2.300000e+01	2.400000e+01	1.000000e+00	1.000000e+00	1.000000e+00
2.400000e+01	2.500000e+01	1.000000e+00	1.000000e+00	1.000000e+00
2.500000e+01	2.600000e+01	0.000000e+00	0.000000e+00	0.000000e+00
2.600000e+01	2.700000e+01	0.000000e+00	0.000000e+00	0.000000e+00
2.700000e+01	2.800000e+01	0.000000e+00	0.000000e+00	0.000000e+00
2.800000e+01	2.900000e+01	0.000000e+00	0.000000e+00	0.000000e+00
2.900000e+01	3.000000e+01	0.000000e+00	0.000000e+00	0.000000e+00
3.000000e+01	3.100000e+01	0.000000e+00	0.000000e+00	0.000000e+00
3.100000e+01	3.200000e+01	0.000000e+00	0.000000e+00	0.000000e+00
3.200000e+01	3.300000e+01	0.000000e+00	0.000000e+00	0.000000e+00
3.300000e+01	3.400000e+01	0.000000e+00	0.000000e+00	0.000000e+00
3.400000e+01	3.500000e+01	0.000000e+00	0.000000e+00	0.000000e+00
3.500000e+01	3.600000e+01	0.000000e+00	0.000000e+00	0.000000e+00
3.600000e+01	3.700000e+01	0.000000e+00	0.000000e+00	0.000000e+00
3.700000e+01	3.800000e+01	0.000000e+00	0.000000e+00	0.000000e+00
3.800000e+01	3.900000e+01	0.000000e+00	0.000000e+00	0.000000e+00
3.900000e+01	4.000000e+01	0.000000e+00	0.000000e+00	0.000000e+00
4.000000e+01	4.100000e+01	0.000000e+00	0.000000e+00	0.000000e+00
4.100000e+01	4.200000e+01	0.000000e+00	0.000000e+00	0.000000e+00
4.200000e+01	4.300000e+01	0.000000e+00	0.000000e+00	0.000000e+00
4.300000e+01	4.400000e+01	0.000000e+00	0.000000e+00	0.000000e+00
4.400000e+01	4.500000e+01	0.000000e+00	0.000000e+00	0.000000e+00
4.500000e+01	4.600000e+01	0.000000e+00	0.000000e+00	0.000000e+00
4.600000e+01	4.700000e+01	0.000000e+00	0.000000e+00	0.000000e+00
4.700000e+01	4.800000e+01	0.000000e+00	0.000000e+00	0.000000e+00
4.800000e+01	4.900000e+01	0.000000e+00	0.000000e+00	0.000000e+00
4.900000e+01	5.000000e+01	0.000000e+00	0.000000e+00	0.000000e+00
# END HISTOGRAM

