# BEGIN PLOT
DrawOnly=/nfs/dust/cms/user/shwillia/BTV/Apr15/MC_Pythia6_QCD_Pt-50to80_MuEnrichedPt5_TuneZ2star_13TeV/BTAG_JET_TRACK_SEL.yoda/BTAG_JET_TRACK_SEL/C_NChargedParticles_BottomJets /nfs/dust/cms/user/shwillia/BTV/Apr15/MC_Pythia8_QCD_Pt-50to80_MuEnrichedPt5_Tune4C_13TeV/BTAG_JET_TRACK_SEL.yoda/BTAG_JET_TRACK_SEL/C_NChargedParticles_BottomJets /nfs/dust/cms/user/shwillia/BTV/Apr15/MC_Pythia8_QCD_Pt-50to80_MuEnrichedPt5_PionKaonDecay_Tune4C_13TeV/BTAG_JET_TRACK_SEL.yoda/BTAG_JET_TRACK_SEL/C_NChargedParticles_BottomJets
RatioPlotReference=/nfs/dust/cms/user/shwillia/BTV/Apr15/MC_Pythia6_QCD_Pt-50to80_MuEnrichedPt5_TuneZ2star_13TeV/BTAG_JET_TRACK_SEL.yoda/BTAG_JET_TRACK_SEL/C_NChargedParticles_BottomJets
RatioPlot=1
Legend=1
XLabel=$N(CP)$
YLabel=Normalized to Unity
LogY=1
NormalizeToSum=1
# END PLOT

# BEGIN HISTOGRAM /nfs/dust/cms/user/shwillia/BTV/Apr15/MC_Pythia6_QCD_Pt-50to80_MuEnrichedPt5_TuneZ2star_13TeV/BTAG_JET_TRACK_SEL.yoda/BTAG_JET_TRACK_SEL/C_NChargedParticles_BottomJets
LineColor={[HTML]{EE3311}}
LineStyle=solid
Path=/nfs/dust/cms/user/shwillia/BTV/Apr15/MC_Pythia6_QCD_Pt-50to80_MuEnrichedPt5_TuneZ2star_13TeV/BTAG_JET_TRACK_SEL.yoda/BTAG_JET_TRACK_SEL/C_NChargedParticles_BottomJets
Title=BTAG_JET_TRACK_SEL
XLabel=
YLabel=
# xlow	 xhigh	 val	 errminus	 errplus
0.000000e+00	1.000000e+00	2.603400e+04	1.613506e+02	1.613506e+02
1.000000e+00	2.000000e+00	9.451000e+03	9.721625e+01	9.721625e+01
2.000000e+00	3.000000e+00	2.225000e+04	1.491643e+02	1.491643e+02
3.000000e+00	4.000000e+00	3.574700e+04	1.890688e+02	1.890688e+02
4.000000e+00	5.000000e+00	4.300900e+04	2.073861e+02	2.073861e+02
5.000000e+00	6.000000e+00	3.800100e+04	1.949385e+02	1.949385e+02
6.000000e+00	7.000000e+00	2.855500e+04	1.689822e+02	1.689822e+02
7.000000e+00	8.000000e+00	1.850400e+04	1.360294e+02	1.360294e+02
8.000000e+00	9.000000e+00	1.151700e+04	1.073173e+02	1.073173e+02
9.000000e+00	1.000000e+01	6.489000e+03	8.055433e+01	8.055433e+01
1.000000e+01	1.100000e+01	3.565000e+03	5.970762e+01	5.970762e+01
1.100000e+01	1.200000e+01	1.838000e+03	4.287190e+01	4.287190e+01
1.200000e+01	1.300000e+01	8.850000e+02	2.974895e+01	2.974895e+01
1.300000e+01	1.400000e+01	3.980000e+02	1.994994e+01	1.994994e+01
1.400000e+01	1.500000e+01	1.990000e+02	1.410674e+01	1.410674e+01
1.500000e+01	1.600000e+01	7.600000e+01	8.717798e+00	8.717798e+00
1.600000e+01	1.700000e+01	2.900000e+01	5.385165e+00	5.385165e+00
1.700000e+01	1.800000e+01	6.000000e+00	2.449490e+00	2.449490e+00
1.800000e+01	1.900000e+01	9.000000e+00	3.000000e+00	3.000000e+00
1.900000e+01	2.000000e+01	2.000000e+00	1.414214e+00	1.414214e+00
2.000000e+01	2.100000e+01	0.000000e+00	0.000000e+00	0.000000e+00
2.100000e+01	2.200000e+01	0.000000e+00	0.000000e+00	0.000000e+00
2.200000e+01	2.300000e+01	0.000000e+00	0.000000e+00	0.000000e+00
2.300000e+01	2.400000e+01	0.000000e+00	0.000000e+00	0.000000e+00
2.400000e+01	2.500000e+01	0.000000e+00	0.000000e+00	0.000000e+00
2.500000e+01	2.600000e+01	0.000000e+00	0.000000e+00	0.000000e+00
2.600000e+01	2.700000e+01	0.000000e+00	0.000000e+00	0.000000e+00
2.700000e+01	2.800000e+01	0.000000e+00	0.000000e+00	0.000000e+00
2.800000e+01	2.900000e+01	0.000000e+00	0.000000e+00	0.000000e+00
2.900000e+01	3.000000e+01	0.000000e+00	0.000000e+00	0.000000e+00
3.000000e+01	3.100000e+01	0.000000e+00	0.000000e+00	0.000000e+00
3.100000e+01	3.200000e+01	0.000000e+00	0.000000e+00	0.000000e+00
3.200000e+01	3.300000e+01	0.000000e+00	0.000000e+00	0.000000e+00
3.300000e+01	3.400000e+01	0.000000e+00	0.000000e+00	0.000000e+00
3.400000e+01	3.500000e+01	0.000000e+00	0.000000e+00	0.000000e+00
3.500000e+01	3.600000e+01	0.000000e+00	0.000000e+00	0.000000e+00
3.600000e+01	3.700000e+01	0.000000e+00	0.000000e+00	0.000000e+00
3.700000e+01	3.800000e+01	0.000000e+00	0.000000e+00	0.000000e+00
3.800000e+01	3.900000e+01	0.000000e+00	0.000000e+00	0.000000e+00
3.900000e+01	4.000000e+01	0.000000e+00	0.000000e+00	0.000000e+00
4.000000e+01	4.100000e+01	0.000000e+00	0.000000e+00	0.000000e+00
4.100000e+01	4.200000e+01	0.000000e+00	0.000000e+00	0.000000e+00
4.200000e+01	4.300000e+01	0.000000e+00	0.000000e+00	0.000000e+00
4.300000e+01	4.400000e+01	0.000000e+00	0.000000e+00	0.000000e+00
4.400000e+01	4.500000e+01	0.000000e+00	0.000000e+00	0.000000e+00
4.500000e+01	4.600000e+01	0.000000e+00	0.000000e+00	0.000000e+00
4.600000e+01	4.700000e+01	0.000000e+00	0.000000e+00	0.000000e+00
4.700000e+01	4.800000e+01	0.000000e+00	0.000000e+00	0.000000e+00
4.800000e+01	4.900000e+01	0.000000e+00	0.000000e+00	0.000000e+00
4.900000e+01	5.000000e+01	0.000000e+00	0.000000e+00	0.000000e+00
# END HISTOGRAM

# BEGIN HISTOGRAM /nfs/dust/cms/user/shwillia/BTV/Apr15/MC_Pythia8_QCD_Pt-50to80_MuEnrichedPt5_Tune4C_13TeV/BTAG_JET_TRACK_SEL.yoda/BTAG_JET_TRACK_SEL/C_NChargedParticles_BottomJets
LineColor={[HTML]{3366FF}}
LineStyle=solid
Path=/nfs/dust/cms/user/shwillia/BTV/Apr15/MC_Pythia8_QCD_Pt-50to80_MuEnrichedPt5_Tune4C_13TeV/BTAG_JET_TRACK_SEL.yoda/BTAG_JET_TRACK_SEL/C_NChargedParticles_BottomJets
Title=BTAG_JET_TRACK_SEL
XLabel=
YLabel=
# xlow	 xhigh	 val	 errminus	 errplus
0.000000e+00	1.000000e+00	1.263830e+05	3.555039e+02	3.555039e+02
1.000000e+00	2.000000e+00	5.221700e+04	2.285104e+02	2.285104e+02
2.000000e+00	3.000000e+00	1.199640e+05	3.463582e+02	3.463582e+02
3.000000e+00	4.000000e+00	1.884280e+05	4.340829e+02	4.340829e+02
4.000000e+00	5.000000e+00	2.139040e+05	4.624976e+02	4.624976e+02
5.000000e+00	6.000000e+00	1.747430e+05	4.180227e+02	4.180227e+02
6.000000e+00	7.000000e+00	1.276370e+05	3.572632e+02	3.572632e+02
7.000000e+00	8.000000e+00	8.037100e+04	2.834978e+02	2.834978e+02
8.000000e+00	9.000000e+00	4.793900e+04	2.189498e+02	2.189498e+02
9.000000e+00	1.000000e+01	2.614700e+04	1.617003e+02	1.617003e+02
1.000000e+01	1.100000e+01	1.390400e+04	1.179152e+02	1.179152e+02
1.100000e+01	1.200000e+01	7.032000e+03	8.385702e+01	8.385702e+01
1.200000e+01	1.300000e+01	3.371000e+03	5.806031e+01	5.806031e+01
1.300000e+01	1.400000e+01	1.574000e+03	3.967367e+01	3.967367e+01
1.400000e+01	1.500000e+01	7.070000e+02	2.658947e+01	2.658947e+01
1.500000e+01	1.600000e+01	3.130000e+02	1.769181e+01	1.769181e+01
1.600000e+01	1.700000e+01	1.440000e+02	1.200000e+01	1.200000e+01
1.700000e+01	1.800000e+01	5.400000e+01	7.348469e+00	7.348469e+00
1.800000e+01	1.900000e+01	2.600000e+01	5.099020e+00	5.099020e+00
1.900000e+01	2.000000e+01	1.300000e+01	3.605551e+00	3.605551e+00
2.000000e+01	2.100000e+01	5.000000e+00	2.236068e+00	2.236068e+00
2.100000e+01	2.200000e+01	1.000000e+00	1.000000e+00	1.000000e+00
2.200000e+01	2.300000e+01	1.000000e+00	1.000000e+00	1.000000e+00
2.300000e+01	2.400000e+01	0.000000e+00	0.000000e+00	0.000000e+00
2.400000e+01	2.500000e+01	0.000000e+00	0.000000e+00	0.000000e+00
2.500000e+01	2.600000e+01	0.000000e+00	0.000000e+00	0.000000e+00
2.600000e+01	2.700000e+01	0.000000e+00	0.000000e+00	0.000000e+00
2.700000e+01	2.800000e+01	0.000000e+00	0.000000e+00	0.000000e+00
2.800000e+01	2.900000e+01	0.000000e+00	0.000000e+00	0.000000e+00
2.900000e+01	3.000000e+01	0.000000e+00	0.000000e+00	0.000000e+00
3.000000e+01	3.100000e+01	0.000000e+00	0.000000e+00	0.000000e+00
3.100000e+01	3.200000e+01	0.000000e+00	0.000000e+00	0.000000e+00
3.200000e+01	3.300000e+01	0.000000e+00	0.000000e+00	0.000000e+00
3.300000e+01	3.400000e+01	0.000000e+00	0.000000e+00	0.000000e+00
3.400000e+01	3.500000e+01	0.000000e+00	0.000000e+00	0.000000e+00
3.500000e+01	3.600000e+01	0.000000e+00	0.000000e+00	0.000000e+00
3.600000e+01	3.700000e+01	0.000000e+00	0.000000e+00	0.000000e+00
3.700000e+01	3.800000e+01	0.000000e+00	0.000000e+00	0.000000e+00
3.800000e+01	3.900000e+01	0.000000e+00	0.000000e+00	0.000000e+00
3.900000e+01	4.000000e+01	0.000000e+00	0.000000e+00	0.000000e+00
4.000000e+01	4.100000e+01	0.000000e+00	0.000000e+00	0.000000e+00
4.100000e+01	4.200000e+01	0.000000e+00	0.000000e+00	0.000000e+00
4.200000e+01	4.300000e+01	0.000000e+00	0.000000e+00	0.000000e+00
4.300000e+01	4.400000e+01	0.000000e+00	0.000000e+00	0.000000e+00
4.400000e+01	4.500000e+01	0.000000e+00	0.000000e+00	0.000000e+00
4.500000e+01	4.600000e+01	0.000000e+00	0.000000e+00	0.000000e+00
4.600000e+01	4.700000e+01	0.000000e+00	0.000000e+00	0.000000e+00
4.700000e+01	4.800000e+01	0.000000e+00	0.000000e+00	0.000000e+00
4.800000e+01	4.900000e+01	0.000000e+00	0.000000e+00	0.000000e+00
4.900000e+01	5.000000e+01	0.000000e+00	0.000000e+00	0.000000e+00
# END HISTOGRAM

# BEGIN HISTOGRAM /nfs/dust/cms/user/shwillia/BTV/Apr15/MC_Pythia8_QCD_Pt-50to80_MuEnrichedPt5_PionKaonDecay_Tune4C_13TeV/BTAG_JET_TRACK_SEL.yoda/BTAG_JET_TRACK_SEL/C_NChargedParticles_BottomJets
LineColor={[HTML]{109618}}
LineStyle=solid
Path=/nfs/dust/cms/user/shwillia/BTV/Apr15/MC_Pythia8_QCD_Pt-50to80_MuEnrichedPt5_PionKaonDecay_Tune4C_13TeV/BTAG_JET_TRACK_SEL.yoda/BTAG_JET_TRACK_SEL/C_NChargedParticles_BottomJets
Title=BTAG_JET_TRACK_SEL
XLabel=
YLabel=
# xlow	 xhigh	 val	 errminus	 errplus
0.000000e+00	1.000000e+00	2.051090e+05	4.528896e+02	4.528896e+02
1.000000e+00	2.000000e+00	8.578500e+04	2.928908e+02	2.928908e+02
2.000000e+00	3.000000e+00	1.917100e+05	4.378470e+02	4.378470e+02
3.000000e+00	4.000000e+00	2.881630e+05	5.368082e+02	5.368082e+02
4.000000e+00	5.000000e+00	3.174920e+05	5.634643e+02	5.634643e+02
5.000000e+00	6.000000e+00	2.577950e+05	5.077352e+02	5.077352e+02
6.000000e+00	7.000000e+00	1.848600e+05	4.299535e+02	4.299535e+02
7.000000e+00	8.000000e+00	1.155990e+05	3.399985e+02	3.399985e+02
8.000000e+00	9.000000e+00	6.812600e+04	2.610096e+02	2.610096e+02
9.000000e+00	1.000000e+01	3.735900e+04	1.932848e+02	1.932848e+02
1.000000e+01	1.100000e+01	1.931400e+04	1.389748e+02	1.389748e+02
1.100000e+01	1.200000e+01	9.623000e+03	9.809689e+01	9.809689e+01
1.200000e+01	1.300000e+01	4.549000e+03	6.744627e+01	6.744627e+01
1.300000e+01	1.400000e+01	2.224000e+03	4.715930e+01	4.715930e+01
1.400000e+01	1.500000e+01	9.280000e+02	3.046309e+01	3.046309e+01
1.500000e+01	1.600000e+01	4.110000e+02	2.027313e+01	2.027313e+01
1.600000e+01	1.700000e+01	1.590000e+02	1.260952e+01	1.260952e+01
1.700000e+01	1.800000e+01	6.500000e+01	8.062258e+00	8.062258e+00
1.800000e+01	1.900000e+01	2.500000e+01	5.000000e+00	5.000000e+00
1.900000e+01	2.000000e+01	1.000000e+01	3.162278e+00	3.162278e+00
2.000000e+01	2.100000e+01	7.000000e+00	2.645751e+00	2.645751e+00
2.100000e+01	2.200000e+01	2.000000e+00	1.414214e+00	1.414214e+00
2.200000e+01	2.300000e+01	0.000000e+00	0.000000e+00	0.000000e+00
2.300000e+01	2.400000e+01	1.000000e+00	1.000000e+00	1.000000e+00
2.400000e+01	2.500000e+01	0.000000e+00	0.000000e+00	0.000000e+00
2.500000e+01	2.600000e+01	0.000000e+00	0.000000e+00	0.000000e+00
2.600000e+01	2.700000e+01	0.000000e+00	0.000000e+00	0.000000e+00
2.700000e+01	2.800000e+01	0.000000e+00	0.000000e+00	0.000000e+00
2.800000e+01	2.900000e+01	0.000000e+00	0.000000e+00	0.000000e+00
2.900000e+01	3.000000e+01	0.000000e+00	0.000000e+00	0.000000e+00
3.000000e+01	3.100000e+01	0.000000e+00	0.000000e+00	0.000000e+00
3.100000e+01	3.200000e+01	0.000000e+00	0.000000e+00	0.000000e+00
3.200000e+01	3.300000e+01	0.000000e+00	0.000000e+00	0.000000e+00
3.300000e+01	3.400000e+01	0.000000e+00	0.000000e+00	0.000000e+00
3.400000e+01	3.500000e+01	0.000000e+00	0.000000e+00	0.000000e+00
3.500000e+01	3.600000e+01	0.000000e+00	0.000000e+00	0.000000e+00
3.600000e+01	3.700000e+01	0.000000e+00	0.000000e+00	0.000000e+00
3.700000e+01	3.800000e+01	0.000000e+00	0.000000e+00	0.000000e+00
3.800000e+01	3.900000e+01	0.000000e+00	0.000000e+00	0.000000e+00
3.900000e+01	4.000000e+01	0.000000e+00	0.000000e+00	0.000000e+00
4.000000e+01	4.100000e+01	0.000000e+00	0.000000e+00	0.000000e+00
4.100000e+01	4.200000e+01	0.000000e+00	0.000000e+00	0.000000e+00
4.200000e+01	4.300000e+01	0.000000e+00	0.000000e+00	0.000000e+00
4.300000e+01	4.400000e+01	0.000000e+00	0.000000e+00	0.000000e+00
4.400000e+01	4.500000e+01	0.000000e+00	0.000000e+00	0.000000e+00
4.500000e+01	4.600000e+01	0.000000e+00	0.000000e+00	0.000000e+00
4.600000e+01	4.700000e+01	0.000000e+00	0.000000e+00	0.000000e+00
4.700000e+01	4.800000e+01	0.000000e+00	0.000000e+00	0.000000e+00
4.800000e+01	4.900000e+01	0.000000e+00	0.000000e+00	0.000000e+00
4.900000e+01	5.000000e+01	0.000000e+00	0.000000e+00	0.000000e+00
# END HISTOGRAM

