# BEGIN PLOT
DrawOnly=/nfs/dust/cms/user/shwillia/BTV/Apr15/MC_Pythia6_QCD_Pt-50to80_MuEnrichedPt5_TuneZ2star_13TeV/BTAG_JET_TRACK_SEL.yoda/BTAG_JET_TRACK_SEL/D_ChargedParticlePt_LightJets /nfs/dust/cms/user/shwillia/BTV/Apr15/MC_Pythia8_QCD_Pt-50to80_MuEnrichedPt5_Tune4C_13TeV/BTAG_JET_TRACK_SEL.yoda/BTAG_JET_TRACK_SEL/D_ChargedParticlePt_LightJets /nfs/dust/cms/user/shwillia/BTV/Apr15/MC_Pythia8_QCD_Pt-50to80_MuEnrichedPt5_PionKaonDecay_Tune4C_13TeV/BTAG_JET_TRACK_SEL.yoda/BTAG_JET_TRACK_SEL/D_ChargedParticlePt_LightJets
RatioPlotReference=/nfs/dust/cms/user/shwillia/BTV/Apr15/MC_Pythia6_QCD_Pt-50to80_MuEnrichedPt5_TuneZ2star_13TeV/BTAG_JET_TRACK_SEL.yoda/BTAG_JET_TRACK_SEL/D_ChargedParticlePt_LightJets
RatioPlot=1
Legend=1
XLabel=$P_{T}(CP)$
YLabel=Normalized to Unity
LogY=1
NormalizeToSum=1
# END PLOT

# BEGIN HISTOGRAM /nfs/dust/cms/user/shwillia/BTV/Apr15/MC_Pythia6_QCD_Pt-50to80_MuEnrichedPt5_TuneZ2star_13TeV/BTAG_JET_TRACK_SEL.yoda/BTAG_JET_TRACK_SEL/D_ChargedParticlePt_LightJets
LineColor={[HTML]{EE3311}}
LineStyle=solid
Path=/nfs/dust/cms/user/shwillia/BTV/Apr15/MC_Pythia6_QCD_Pt-50to80_MuEnrichedPt5_TuneZ2star_13TeV/BTAG_JET_TRACK_SEL.yoda/BTAG_JET_TRACK_SEL/D_ChargedParticlePt_LightJets
Title=BTAG_JET_TRACK_SEL
XLabel=
YLabel=
# xlow	 xhigh	 val	 errminus	 errplus
0.000000e+00	2.000000e+00	5.065930e+05	5.032857e+02	5.032857e+02
2.000000e+00	4.000000e+00	6.172145e+05	5.555243e+02	5.555243e+02
4.000000e+00	6.000000e+00	2.979425e+05	3.859679e+02	3.859679e+02
6.000000e+00	8.000000e+00	1.557120e+05	2.790269e+02	2.790269e+02
8.000000e+00	1.000000e+01	8.885450e+04	2.107777e+02	2.107777e+02
1.000000e+01	1.200000e+01	5.381450e+04	1.640343e+02	1.640343e+02
1.200000e+01	1.400000e+01	3.417050e+04	1.307106e+02	1.307106e+02
1.400000e+01	1.600000e+01	2.242300e+04	1.058844e+02	1.058844e+02
1.600000e+01	1.800000e+01	1.517400e+04	8.710339e+01	8.710339e+01
1.800000e+01	2.000000e+01	1.046000e+04	7.231874e+01	7.231874e+01
2.000000e+01	2.200000e+01	7.243500e+03	6.018098e+01	6.018098e+01
2.200000e+01	2.400000e+01	5.208000e+03	5.102940e+01	5.102940e+01
2.400000e+01	2.600000e+01	3.785500e+03	4.350575e+01	4.350575e+01
2.600000e+01	2.800000e+01	2.764000e+03	3.717526e+01	3.717526e+01
2.800000e+01	3.000000e+01	2.026000e+03	3.182766e+01	3.182766e+01
3.000000e+01	3.200000e+01	1.490500e+03	2.729927e+01	2.729927e+01
3.200000e+01	3.400000e+01	1.138000e+03	2.385372e+01	2.385372e+01
3.400000e+01	3.600000e+01	9.045000e+02	2.126617e+01	2.126617e+01
3.600000e+01	3.800000e+01	6.960000e+02	1.865476e+01	1.865476e+01
3.800000e+01	4.000000e+01	4.930000e+02	1.570032e+01	1.570032e+01
4.000000e+01	4.200000e+01	3.755000e+02	1.370219e+01	1.370219e+01
4.200000e+01	4.400000e+01	2.980000e+02	1.220656e+01	1.220656e+01
4.400000e+01	4.600000e+01	2.405000e+02	1.096586e+01	1.096586e+01
4.600000e+01	4.800000e+01	1.865000e+02	9.656604e+00	9.656604e+00
4.800000e+01	5.000000e+01	1.405000e+02	8.381527e+00	8.381527e+00
5.000000e+01	5.200000e+01	9.500000e+01	6.892024e+00	6.892024e+00
5.200000e+01	5.400000e+01	7.950000e+01	6.304760e+00	6.304760e+00
5.400000e+01	5.600000e+01	6.650000e+01	5.766281e+00	5.766281e+00
5.600000e+01	5.800000e+01	4.800000e+01	4.898979e+00	4.898979e+00
5.800000e+01	6.000000e+01	3.800000e+01	4.358899e+00	4.358899e+00
6.000000e+01	6.200000e+01	2.600000e+01	3.605551e+00	3.605551e+00
6.200000e+01	6.400000e+01	2.400000e+01	3.464102e+00	3.464102e+00
6.400000e+01	6.600000e+01	1.750000e+01	2.958040e+00	2.958040e+00
6.600000e+01	6.800000e+01	1.150000e+01	2.397916e+00	2.397916e+00
6.800000e+01	7.000000e+01	9.000000e+00	2.121320e+00	2.121320e+00
7.000000e+01	7.200000e+01	1.150000e+01	2.397916e+00	2.397916e+00
7.200000e+01	7.400000e+01	5.500000e+00	1.658312e+00	1.658312e+00
7.400000e+01	7.600000e+01	3.500000e+00	1.322876e+00	1.322876e+00
7.600000e+01	7.800000e+01	3.500000e+00	1.322876e+00	1.322876e+00
7.800000e+01	8.000000e+01	2.000000e+00	1.000000e+00	1.000000e+00
8.000000e+01	8.200000e+01	3.000000e+00	1.224745e+00	1.224745e+00
8.200000e+01	8.400000e+01	5.000000e-01	5.000000e-01	5.000000e-01
8.400000e+01	8.600000e+01	1.000000e+00	7.071068e-01	7.071068e-01
8.600000e+01	8.800000e+01	1.000000e+00	7.071068e-01	7.071068e-01
8.800000e+01	9.000000e+01	2.000000e+00	1.000000e+00	1.000000e+00
9.000000e+01	9.200000e+01	1.000000e+00	7.071068e-01	7.071068e-01
9.200000e+01	9.400000e+01	5.000000e-01	5.000000e-01	5.000000e-01
9.400000e+01	9.600000e+01	5.000000e-01	5.000000e-01	5.000000e-01
9.600000e+01	9.800000e+01	2.000000e+00	1.000000e+00	1.000000e+00
9.800000e+01	1.000000e+02	0.000000e+00	0.000000e+00	0.000000e+00
1.000000e+02	1.020000e+02	1.000000e+00	7.071068e-01	7.071068e-01
1.020000e+02	1.040000e+02	0.000000e+00	0.000000e+00	0.000000e+00
1.040000e+02	1.060000e+02	0.000000e+00	0.000000e+00	0.000000e+00
1.060000e+02	1.080000e+02	0.000000e+00	0.000000e+00	0.000000e+00
1.080000e+02	1.100000e+02	0.000000e+00	0.000000e+00	0.000000e+00
1.100000e+02	1.120000e+02	0.000000e+00	0.000000e+00	0.000000e+00
1.120000e+02	1.140000e+02	0.000000e+00	0.000000e+00	0.000000e+00
1.140000e+02	1.160000e+02	0.000000e+00	0.000000e+00	0.000000e+00
1.160000e+02	1.180000e+02	0.000000e+00	0.000000e+00	0.000000e+00
1.180000e+02	1.200000e+02	0.000000e+00	0.000000e+00	0.000000e+00
# END HISTOGRAM

# BEGIN HISTOGRAM /nfs/dust/cms/user/shwillia/BTV/Apr15/MC_Pythia8_QCD_Pt-50to80_MuEnrichedPt5_Tune4C_13TeV/BTAG_JET_TRACK_SEL.yoda/BTAG_JET_TRACK_SEL/D_ChargedParticlePt_LightJets
LineColor={[HTML]{3366FF}}
LineStyle=solid
Path=/nfs/dust/cms/user/shwillia/BTV/Apr15/MC_Pythia8_QCD_Pt-50to80_MuEnrichedPt5_Tune4C_13TeV/BTAG_JET_TRACK_SEL.yoda/BTAG_JET_TRACK_SEL/D_ChargedParticlePt_LightJets
Title=BTAG_JET_TRACK_SEL
XLabel=
YLabel=
# xlow	 xhigh	 val	 errminus	 errplus
0.000000e+00	2.000000e+00	1.195348e+06	7.730936e+02	7.730936e+02
2.000000e+00	4.000000e+00	1.480724e+06	8.604429e+02	8.604429e+02
4.000000e+00	6.000000e+00	7.130010e+05	5.970766e+02	5.970766e+02
6.000000e+00	8.000000e+00	3.740960e+05	4.324905e+02	4.324905e+02
8.000000e+00	1.000000e+01	2.121565e+05	3.256966e+02	3.256966e+02
1.000000e+01	1.200000e+01	1.282785e+05	2.532573e+02	2.532573e+02
1.200000e+01	1.400000e+01	8.126850e+04	2.015794e+02	2.015794e+02
1.400000e+01	1.600000e+01	5.346750e+04	1.635046e+02	1.635046e+02
1.600000e+01	1.800000e+01	3.624450e+04	1.346189e+02	1.346189e+02
1.800000e+01	2.000000e+01	2.511450e+04	1.120591e+02	1.120591e+02
2.000000e+01	2.200000e+01	1.752950e+04	9.362024e+01	9.362024e+01
2.200000e+01	2.400000e+01	1.250500e+04	7.907275e+01	7.907275e+01
2.400000e+01	2.600000e+01	9.294000e+03	6.816891e+01	6.816891e+01
2.600000e+01	2.800000e+01	6.759500e+03	5.813562e+01	5.813562e+01
2.800000e+01	3.000000e+01	5.098000e+03	5.048762e+01	5.048762e+01
3.000000e+01	3.200000e+01	3.852000e+03	4.388622e+01	4.388622e+01
3.200000e+01	3.400000e+01	2.959500e+03	3.846752e+01	3.846752e+01
3.400000e+01	3.600000e+01	2.286000e+03	3.380828e+01	3.380828e+01
3.600000e+01	3.800000e+01	1.739500e+03	2.949152e+01	2.949152e+01
3.800000e+01	4.000000e+01	1.325500e+03	2.574393e+01	2.574393e+01
4.000000e+01	4.200000e+01	1.110500e+03	2.356374e+01	2.356374e+01
4.200000e+01	4.400000e+01	8.295000e+02	2.036541e+01	2.036541e+01
4.400000e+01	4.600000e+01	6.630000e+02	1.820714e+01	1.820714e+01
4.600000e+01	4.800000e+01	5.105000e+02	1.597655e+01	1.597655e+01
4.800000e+01	5.000000e+01	3.820000e+02	1.382027e+01	1.382027e+01
5.000000e+01	5.200000e+01	3.200000e+02	1.264911e+01	1.264911e+01
5.200000e+01	5.400000e+01	2.330000e+02	1.079352e+01	1.079352e+01
5.400000e+01	5.600000e+01	2.015000e+02	1.003743e+01	1.003743e+01
5.600000e+01	5.800000e+01	1.595000e+02	8.930286e+00	8.930286e+00
5.800000e+01	6.000000e+01	1.355000e+02	8.231039e+00	8.231039e+00
6.000000e+01	6.200000e+01	8.650000e+01	6.576473e+00	6.576473e+00
6.200000e+01	6.400000e+01	7.700000e+01	6.204837e+00	6.204837e+00
6.400000e+01	6.600000e+01	5.100000e+01	5.049752e+00	5.049752e+00
6.600000e+01	6.800000e+01	4.650000e+01	4.821825e+00	4.821825e+00
6.800000e+01	7.000000e+01	3.450000e+01	4.153312e+00	4.153312e+00
7.000000e+01	7.200000e+01	1.700000e+01	2.915476e+00	2.915476e+00
7.200000e+01	7.400000e+01	1.650000e+01	2.872281e+00	2.872281e+00
7.400000e+01	7.600000e+01	1.600000e+01	2.828427e+00	2.828427e+00
7.600000e+01	7.800000e+01	1.100000e+01	2.345208e+00	2.345208e+00
7.800000e+01	8.000000e+01	9.000000e+00	2.121320e+00	2.121320e+00
8.000000e+01	8.200000e+01	6.500000e+00	1.802776e+00	1.802776e+00
8.200000e+01	8.400000e+01	6.500000e+00	1.802776e+00	1.802776e+00
8.400000e+01	8.600000e+01	3.500000e+00	1.322876e+00	1.322876e+00
8.600000e+01	8.800000e+01	5.500000e+00	1.658312e+00	1.658312e+00
8.800000e+01	9.000000e+01	1.000000e+00	7.071068e-01	7.071068e-01
9.000000e+01	9.200000e+01	2.500000e+00	1.118034e+00	1.118034e+00
9.200000e+01	9.400000e+01	1.500000e+00	8.660254e-01	8.660254e-01
9.400000e+01	9.600000e+01	2.500000e+00	1.118034e+00	1.118034e+00
9.600000e+01	9.800000e+01	2.500000e+00	1.118034e+00	1.118034e+00
9.800000e+01	1.000000e+02	1.000000e+00	7.071068e-01	7.071068e-01
1.000000e+02	1.020000e+02	1.000000e+00	7.071068e-01	7.071068e-01
1.020000e+02	1.040000e+02	0.000000e+00	0.000000e+00	0.000000e+00
1.040000e+02	1.060000e+02	1.000000e+00	7.071068e-01	7.071068e-01
1.060000e+02	1.080000e+02	5.000000e-01	5.000000e-01	5.000000e-01
1.080000e+02	1.100000e+02	0.000000e+00	0.000000e+00	0.000000e+00
1.100000e+02	1.120000e+02	0.000000e+00	0.000000e+00	0.000000e+00
1.120000e+02	1.140000e+02	0.000000e+00	0.000000e+00	0.000000e+00
1.140000e+02	1.160000e+02	0.000000e+00	0.000000e+00	0.000000e+00
1.160000e+02	1.180000e+02	0.000000e+00	0.000000e+00	0.000000e+00
1.180000e+02	1.200000e+02	0.000000e+00	0.000000e+00	0.000000e+00
# END HISTOGRAM

# BEGIN HISTOGRAM /nfs/dust/cms/user/shwillia/BTV/Apr15/MC_Pythia8_QCD_Pt-50to80_MuEnrichedPt5_PionKaonDecay_Tune4C_13TeV/BTAG_JET_TRACK_SEL.yoda/BTAG_JET_TRACK_SEL/D_ChargedParticlePt_LightJets
LineColor={[HTML]{109618}}
LineStyle=solid
Path=/nfs/dust/cms/user/shwillia/BTV/Apr15/MC_Pythia8_QCD_Pt-50to80_MuEnrichedPt5_PionKaonDecay_Tune4C_13TeV/BTAG_JET_TRACK_SEL.yoda/BTAG_JET_TRACK_SEL/D_ChargedParticlePt_LightJets
Title=BTAG_JET_TRACK_SEL
XLabel=
YLabel=
# xlow	 xhigh	 val	 errminus	 errplus
0.000000e+00	2.000000e+00	3.566374e+06	1.335360e+03	1.335360e+03
2.000000e+00	4.000000e+00	4.465498e+06	1.494239e+03	1.494239e+03
4.000000e+00	6.000000e+00	2.159898e+06	1.039206e+03	1.039206e+03
6.000000e+00	8.000000e+00	1.130842e+06	7.519446e+02	7.519446e+02
8.000000e+00	1.000000e+01	6.414060e+05	5.663065e+02	5.663065e+02
1.000000e+01	1.200000e+01	3.856770e+05	4.391338e+02	4.391338e+02
1.200000e+01	1.400000e+01	2.426675e+05	3.483299e+02	3.483299e+02
1.400000e+01	1.600000e+01	1.587540e+05	2.817392e+02	2.817392e+02
1.600000e+01	1.800000e+01	1.076450e+05	2.319968e+02	2.319968e+02
1.800000e+01	2.000000e+01	7.441000e+04	1.928860e+02	1.928860e+02
2.000000e+01	2.200000e+01	5.257250e+04	1.621303e+02	1.621303e+02
2.200000e+01	2.400000e+01	3.790500e+04	1.376681e+02	1.376681e+02
2.400000e+01	2.600000e+01	2.743650e+04	1.171249e+02	1.171249e+02
2.600000e+01	2.800000e+01	2.016350e+04	1.004079e+02	1.004079e+02
2.800000e+01	3.000000e+01	1.508200e+04	8.683893e+01	8.683893e+01
3.000000e+01	3.200000e+01	1.131700e+04	7.522300e+01	7.522300e+01
3.200000e+01	3.400000e+01	8.566000e+03	6.544463e+01	6.544463e+01
3.400000e+01	3.600000e+01	6.607000e+03	5.747608e+01	5.747608e+01
3.600000e+01	3.800000e+01	5.112000e+03	5.055690e+01	5.055690e+01
3.800000e+01	4.000000e+01	3.944000e+03	4.440721e+01	4.440721e+01
4.000000e+01	4.200000e+01	3.102000e+03	3.938274e+01	3.938274e+01
4.200000e+01	4.400000e+01	2.347000e+03	3.425639e+01	3.425639e+01
4.400000e+01	4.600000e+01	1.813500e+03	3.011229e+01	3.011229e+01
4.600000e+01	4.800000e+01	1.428000e+03	2.672078e+01	2.672078e+01
4.800000e+01	5.000000e+01	1.101500e+03	2.346806e+01	2.346806e+01
5.000000e+01	5.200000e+01	8.740000e+02	2.090454e+01	2.090454e+01
5.200000e+01	5.400000e+01	6.575000e+02	1.813146e+01	1.813146e+01
5.400000e+01	5.600000e+01	5.615000e+02	1.675560e+01	1.675560e+01
5.600000e+01	5.800000e+01	4.160000e+02	1.442221e+01	1.442221e+01
5.800000e+01	6.000000e+01	3.045000e+02	1.233896e+01	1.233896e+01
6.000000e+01	6.200000e+01	2.645000e+02	1.150000e+01	1.150000e+01
6.200000e+01	6.400000e+01	1.945000e+02	9.861541e+00	9.861541e+00
6.400000e+01	6.600000e+01	1.525000e+02	8.732125e+00	8.732125e+00
6.600000e+01	6.800000e+01	1.150000e+02	7.582875e+00	7.582875e+00
6.800000e+01	7.000000e+01	7.750000e+01	6.224950e+00	6.224950e+00
7.000000e+01	7.200000e+01	7.150000e+01	5.979130e+00	5.979130e+00
7.200000e+01	7.400000e+01	6.150000e+01	5.545268e+00	5.545268e+00
7.400000e+01	7.600000e+01	4.300000e+01	4.636809e+00	4.636809e+00
7.600000e+01	7.800000e+01	3.450000e+01	4.153312e+00	4.153312e+00
7.800000e+01	8.000000e+01	2.900000e+01	3.807887e+00	3.807887e+00
8.000000e+01	8.200000e+01	2.050000e+01	3.201562e+00	3.201562e+00
8.200000e+01	8.400000e+01	1.400000e+01	2.645751e+00	2.645751e+00
8.400000e+01	8.600000e+01	1.300000e+01	2.549510e+00	2.549510e+00
8.600000e+01	8.800000e+01	9.000000e+00	2.121320e+00	2.121320e+00
8.800000e+01	9.000000e+01	4.500000e+00	1.500000e+00	1.500000e+00
9.000000e+01	9.200000e+01	7.500000e+00	1.936492e+00	1.936492e+00
9.200000e+01	9.400000e+01	4.500000e+00	1.500000e+00	1.500000e+00
9.400000e+01	9.600000e+01	6.500000e+00	1.802776e+00	1.802776e+00
9.600000e+01	9.800000e+01	2.500000e+00	1.118034e+00	1.118034e+00
9.800000e+01	1.000000e+02	2.000000e+00	1.000000e+00	1.000000e+00
1.000000e+02	1.020000e+02	2.000000e+00	1.000000e+00	1.000000e+00
1.020000e+02	1.040000e+02	2.500000e+00	1.118034e+00	1.118034e+00
1.040000e+02	1.060000e+02	1.500000e+00	8.660254e-01	8.660254e-01
1.060000e+02	1.080000e+02	5.000000e-01	5.000000e-01	5.000000e-01
1.080000e+02	1.100000e+02	1.000000e+00	7.071068e-01	7.071068e-01
1.100000e+02	1.120000e+02	1.500000e+00	8.660254e-01	8.660254e-01
1.120000e+02	1.140000e+02	5.000000e-01	5.000000e-01	5.000000e-01
1.140000e+02	1.160000e+02	0.000000e+00	0.000000e+00	0.000000e+00
1.160000e+02	1.180000e+02	0.000000e+00	0.000000e+00	0.000000e+00
1.180000e+02	1.200000e+02	0.000000e+00	0.000000e+00	0.000000e+00
# END HISTOGRAM

