# BEGIN PLOT
DrawOnly=/nfs/dust/cms/user/shwillia/BTV/Apr15/MC_Pythia6_QCD_Pt-50to80_MuEnrichedPt5_TuneZ2star_13TeV/BTAG_JET_TRACK_SEL.yoda/BTAG_JET_TRACK_SEL/E_ChargedParticlePtUncut_CharmJets /nfs/dust/cms/user/shwillia/BTV/Apr15/MC_Pythia8_QCD_Pt-50to80_MuEnrichedPt5_Tune4C_13TeV/BTAG_JET_TRACK_SEL.yoda/BTAG_JET_TRACK_SEL/E_ChargedParticlePtUncut_CharmJets /nfs/dust/cms/user/shwillia/BTV/Apr15/MC_Pythia8_QCD_Pt-50to80_MuEnrichedPt5_PionKaonDecay_Tune4C_13TeV/BTAG_JET_TRACK_SEL.yoda/BTAG_JET_TRACK_SEL/E_ChargedParticlePtUncut_CharmJets
RatioPlotReference=/nfs/dust/cms/user/shwillia/BTV/Apr15/MC_Pythia6_QCD_Pt-50to80_MuEnrichedPt5_TuneZ2star_13TeV/BTAG_JET_TRACK_SEL.yoda/BTAG_JET_TRACK_SEL/E_ChargedParticlePtUncut_CharmJets
RatioPlot=1
Legend=1
XLabel=$P_{T}(CP)$
YLabel=Normalized to Unity
LogY=1
NormalizeToSum=1
# END PLOT

# BEGIN HISTOGRAM /nfs/dust/cms/user/shwillia/BTV/Apr15/MC_Pythia6_QCD_Pt-50to80_MuEnrichedPt5_TuneZ2star_13TeV/BTAG_JET_TRACK_SEL.yoda/BTAG_JET_TRACK_SEL/E_ChargedParticlePtUncut_CharmJets
LineColor={[HTML]{EE3311}}
LineStyle=solid
Path=/nfs/dust/cms/user/shwillia/BTV/Apr15/MC_Pythia6_QCD_Pt-50to80_MuEnrichedPt5_TuneZ2star_13TeV/BTAG_JET_TRACK_SEL.yoda/BTAG_JET_TRACK_SEL/E_ChargedParticlePtUncut_CharmJets
Title=BTAG_JET_TRACK_SEL
XLabel=
YLabel=
# xlow	 xhigh	 val	 errminus	 errplus
0.000000e+00	5.000000e-01	2.014820e+05	6.347945e+02	6.347945e+02
5.000000e-01	1.000000e+00	2.674100e+05	7.313139e+02	7.313139e+02
1.000000e+00	1.500000e+00	2.459540e+05	7.013615e+02	7.013615e+02
1.500000e+00	2.000000e+00	2.127340e+05	6.522791e+02	6.522791e+02
2.000000e+00	2.500000e+00	1.802500e+05	6.004165e+02	6.004165e+02
2.500000e+00	3.000000e+00	1.499160e+05	5.475692e+02	5.475692e+02
3.000000e+00	3.500000e+00	1.234240e+05	4.968380e+02	4.968380e+02
3.500000e+00	4.000000e+00	1.033640e+05	4.546735e+02	4.546735e+02
4.000000e+00	4.500000e+00	8.601400e+04	4.147626e+02	4.147626e+02
4.500000e+00	5.000000e+00	7.263000e+04	3.811299e+02	3.811299e+02
5.000000e+00	5.500000e+00	8.279600e+04	4.069300e+02	4.069300e+02
5.500000e+00	6.000000e+00	7.166200e+04	3.785816e+02	3.785816e+02
6.000000e+00	6.500000e+00	6.177600e+04	3.514996e+02	3.514996e+02
6.500000e+00	7.000000e+00	5.494400e+04	3.314936e+02	3.314936e+02
7.000000e+00	7.500000e+00	4.872600e+04	3.121730e+02	3.121730e+02
7.500000e+00	8.000000e+00	4.336200e+04	2.944894e+02	2.944894e+02
8.000000e+00	8.500000e+00	3.841000e+04	2.771642e+02	2.771642e+02
8.500000e+00	9.000000e+00	3.428600e+04	2.618626e+02	2.618626e+02
9.000000e+00	9.500000e+00	3.057000e+04	2.472650e+02	2.472650e+02
9.500000e+00	1.000000e+01	2.757800e+04	2.348531e+02	2.348531e+02
# END HISTOGRAM

# BEGIN HISTOGRAM /nfs/dust/cms/user/shwillia/BTV/Apr15/MC_Pythia8_QCD_Pt-50to80_MuEnrichedPt5_Tune4C_13TeV/BTAG_JET_TRACK_SEL.yoda/BTAG_JET_TRACK_SEL/E_ChargedParticlePtUncut_CharmJets
LineColor={[HTML]{3366FF}}
LineStyle=solid
Path=/nfs/dust/cms/user/shwillia/BTV/Apr15/MC_Pythia8_QCD_Pt-50to80_MuEnrichedPt5_Tune4C_13TeV/BTAG_JET_TRACK_SEL.yoda/BTAG_JET_TRACK_SEL/E_ChargedParticlePtUncut_CharmJets
Title=BTAG_JET_TRACK_SEL
XLabel=
YLabel=
# xlow	 xhigh	 val	 errminus	 errplus
0.000000e+00	5.000000e-01	9.767860e+05	1.397702e+03	1.397702e+03
5.000000e-01	1.000000e+00	1.113562e+06	1.492355e+03	1.492355e+03
1.000000e+00	1.500000e+00	1.011836e+06	1.422558e+03	1.422558e+03
1.500000e+00	2.000000e+00	8.872360e+05	1.332093e+03	1.332093e+03
2.000000e+00	2.500000e+00	7.538480e+05	1.227883e+03	1.227883e+03
2.500000e+00	3.000000e+00	6.264300e+05	1.119312e+03	1.119312e+03
3.000000e+00	3.500000e+00	5.220680e+05	1.021830e+03	1.021830e+03
3.500000e+00	4.000000e+00	4.363660e+05	9.342013e+02	9.342013e+02
4.000000e+00	4.500000e+00	3.657820e+05	8.553151e+02	8.553151e+02
4.500000e+00	5.000000e+00	3.095000e+05	7.867655e+02	7.867655e+02
5.000000e+00	5.500000e+00	3.701580e+05	8.604162e+02	8.604162e+02
5.500000e+00	6.000000e+00	3.244280e+05	8.055160e+02	8.055160e+02
6.000000e+00	6.500000e+00	2.836600e+05	7.532065e+02	7.532065e+02
6.500000e+00	7.000000e+00	2.513920e+05	7.090726e+02	7.090726e+02
7.000000e+00	7.500000e+00	2.221320e+05	6.665313e+02	6.665313e+02
7.500000e+00	8.000000e+00	1.966860e+05	6.271937e+02	6.271937e+02
8.000000e+00	8.500000e+00	1.756060e+05	5.926314e+02	5.926314e+02
8.500000e+00	9.000000e+00	1.571520e+05	5.606282e+02	5.606282e+02
9.000000e+00	9.500000e+00	1.406720e+05	5.304187e+02	5.304187e+02
9.500000e+00	1.000000e+01	1.269480e+05	5.038809e+02	5.038809e+02
# END HISTOGRAM

# BEGIN HISTOGRAM /nfs/dust/cms/user/shwillia/BTV/Apr15/MC_Pythia8_QCD_Pt-50to80_MuEnrichedPt5_PionKaonDecay_Tune4C_13TeV/BTAG_JET_TRACK_SEL.yoda/BTAG_JET_TRACK_SEL/E_ChargedParticlePtUncut_CharmJets
LineColor={[HTML]{109618}}
LineStyle=solid
Path=/nfs/dust/cms/user/shwillia/BTV/Apr15/MC_Pythia8_QCD_Pt-50to80_MuEnrichedPt5_PionKaonDecay_Tune4C_13TeV/BTAG_JET_TRACK_SEL.yoda/BTAG_JET_TRACK_SEL/E_ChargedParticlePtUncut_CharmJets
Title=BTAG_JET_TRACK_SEL
XLabel=
YLabel=
# xlow	 xhigh	 val	 errminus	 errplus
0.000000e+00	5.000000e-01	1.499160e+06	1.731566e+03	1.731566e+03
5.000000e-01	1.000000e+00	1.877396e+06	1.937729e+03	1.937729e+03
1.000000e+00	1.500000e+00	1.741726e+06	1.866401e+03	1.866401e+03
1.500000e+00	2.000000e+00	1.536012e+06	1.752719e+03	1.752719e+03
2.000000e+00	2.500000e+00	1.304402e+06	1.615179e+03	1.615179e+03
2.500000e+00	3.000000e+00	1.092372e+06	1.478088e+03	1.478088e+03
3.000000e+00	3.500000e+00	9.080500e+05	1.347628e+03	1.347628e+03
3.500000e+00	4.000000e+00	7.547940e+05	1.228653e+03	1.228653e+03
4.000000e+00	4.500000e+00	6.365100e+05	1.128282e+03	1.128282e+03
4.500000e+00	5.000000e+00	5.389560e+05	1.038225e+03	1.038225e+03
5.000000e+00	5.500000e+00	6.069280e+05	1.101751e+03	1.101751e+03
5.500000e+00	6.000000e+00	5.284360e+05	1.028043e+03	1.028043e+03
6.000000e+00	6.500000e+00	4.632180e+05	9.625155e+02	9.625155e+02
6.500000e+00	7.000000e+00	4.074580e+05	9.027270e+02	9.027270e+02
7.000000e+00	7.500000e+00	3.604020e+05	8.490018e+02	8.490018e+02
7.500000e+00	8.000000e+00	3.211220e+05	8.014013e+02	8.014013e+02
8.000000e+00	8.500000e+00	2.848860e+05	7.548324e+02	7.548324e+02
8.500000e+00	9.000000e+00	2.537440e+05	7.123819e+02	7.123819e+02
9.000000e+00	9.500000e+00	2.285500e+05	6.760917e+02	6.760917e+02
9.500000e+00	1.000000e+01	2.046180e+05	6.397156e+02	6.397156e+02
# END HISTOGRAM

