# BEGIN PLOT
DrawOnly=/nfs/dust/cms/user/shwillia/BTV/Apr15/MC_Pythia6_QCD_Pt-50to80_MuEnrichedPt5_TuneZ2star_13TeV/BTAG_JET_TRACK_SEL.yoda/BTAG_JET_TRACK_SEL/F_ChargedParticlePtRel_BottomJets /nfs/dust/cms/user/shwillia/BTV/Apr15/MC_Pythia8_QCD_Pt-50to80_MuEnrichedPt5_Tune4C_13TeV/BTAG_JET_TRACK_SEL.yoda/BTAG_JET_TRACK_SEL/F_ChargedParticlePtRel_BottomJets /nfs/dust/cms/user/shwillia/BTV/Apr15/MC_Pythia8_QCD_Pt-50to80_MuEnrichedPt5_PionKaonDecay_Tune4C_13TeV/BTAG_JET_TRACK_SEL.yoda/BTAG_JET_TRACK_SEL/F_ChargedParticlePtRel_BottomJets
RatioPlotReference=/nfs/dust/cms/user/shwillia/BTV/Apr15/MC_Pythia6_QCD_Pt-50to80_MuEnrichedPt5_TuneZ2star_13TeV/BTAG_JET_TRACK_SEL.yoda/BTAG_JET_TRACK_SEL/F_ChargedParticlePtRel_BottomJets
RatioPlot=1
Legend=1
XLabel=$P_{T,rel}(CP)$
YLabel=Normalized to Unity
LogY=1
NormalizeToSum=1
# END PLOT

# BEGIN HISTOGRAM /nfs/dust/cms/user/shwillia/BTV/Apr15/MC_Pythia6_QCD_Pt-50to80_MuEnrichedPt5_TuneZ2star_13TeV/BTAG_JET_TRACK_SEL.yoda/BTAG_JET_TRACK_SEL/F_ChargedParticlePtRel_BottomJets
LineColor={[HTML]{EE3311}}
LineStyle=solid
Path=/nfs/dust/cms/user/shwillia/BTV/Apr15/MC_Pythia6_QCD_Pt-50to80_MuEnrichedPt5_TuneZ2star_13TeV/BTAG_JET_TRACK_SEL.yoda/BTAG_JET_TRACK_SEL/F_ChargedParticlePtRel_BottomJets
Rebin=2
Title=BTAG_JET_TRACK_SEL
XLabel=
YLabel=
# xlow	 xhigh	 val	 errminus	 errplus
0.000000e+00	1.000000e-03	0.000000e+00	0.000000e+00	0.000000e+00
1.000000e-03	2.000000e-03	4.700000e+05	2.167948e+04	2.167948e+04
2.000000e-03	3.000000e-03	1.052700e+07	1.026012e+05	1.026012e+05
3.000000e-03	4.000000e-03	3.466000e+07	1.861720e+05	1.861720e+05
4.000000e-03	5.000000e-03	5.052100e+07	2.247688e+05	2.247688e+05
5.000000e-03	6.000000e-03	5.570300e+07	2.360148e+05	2.360148e+05
6.000000e-03	7.000000e-03	5.714100e+07	2.390418e+05	2.390418e+05
7.000000e-03	8.000000e-03	5.722300e+07	2.392133e+05	2.392133e+05
8.000000e-03	9.000000e-03	5.631100e+07	2.372994e+05	2.372994e+05
9.000000e-03	1.000000e-02	5.541300e+07	2.353997e+05	2.353997e+05
1.000000e-02	1.100000e-02	5.644900e+07	2.375900e+05	2.375900e+05
1.100000e-02	1.200000e-02	5.558000e+07	2.357541e+05	2.357541e+05
1.200000e-02	1.300000e-02	5.461400e+07	2.336964e+05	2.336964e+05
1.300000e-02	1.400000e-02	5.256600e+07	2.292728e+05	2.292728e+05
1.400000e-02	1.500000e-02	5.054000e+07	2.248110e+05	2.248110e+05
1.500000e-02	1.600000e-02	4.670700e+07	2.161180e+05	2.161180e+05
1.600000e-02	1.700000e-02	4.214500e+07	2.052925e+05	2.052925e+05
1.700000e-02	1.800000e-02	3.827700e+07	1.956451e+05	1.956451e+05
1.800000e-02	1.900000e-02	3.391400e+07	1.841575e+05	1.841575e+05
1.900000e-02	2.000000e-02	3.054100e+07	1.747598e+05	1.747598e+05
2.000000e-02	2.100000e-02	2.611300e+07	1.615952e+05	1.615952e+05
2.100000e-02	2.200000e-02	2.311800e+07	1.520460e+05	1.520460e+05
2.200000e-02	2.300000e-02	2.005800e+07	1.416263e+05	1.416263e+05
2.300000e-02	2.400000e-02	1.710900e+07	1.308014e+05	1.308014e+05
2.400000e-02	2.500000e-02	1.510500e+07	1.229024e+05	1.229024e+05
2.500000e-02	2.600000e-02	1.306500e+07	1.143022e+05	1.143022e+05
2.600000e-02	2.700000e-02	1.163800e+07	1.078796e+05	1.078796e+05
2.700000e-02	2.800000e-02	1.002400e+07	1.001199e+05	1.001199e+05
2.800000e-02	2.900000e-02	8.928000e+06	9.448809e+04	9.448809e+04
2.900000e-02	3.000000e-02	8.405000e+06	9.167879e+04	9.167879e+04
3.000000e-02	3.100000e-02	7.353000e+06	8.574964e+04	8.574964e+04
3.100000e-02	3.200000e-02	6.375000e+06	7.984360e+04	7.984360e+04
3.200000e-02	3.300000e-02	5.632000e+06	7.504665e+04	7.504665e+04
3.300000e-02	3.400000e-02	5.123000e+06	7.157514e+04	7.157514e+04
3.400000e-02	3.500000e-02	4.480000e+06	6.693280e+04	6.693280e+04
3.500000e-02	3.600000e-02	4.125000e+06	6.422616e+04	6.422616e+04
3.600000e-02	3.700000e-02	3.505000e+06	5.920304e+04	5.920304e+04
3.700000e-02	3.800000e-02	3.352000e+06	5.789646e+04	5.789646e+04
3.800000e-02	3.900000e-02	2.646000e+06	5.143928e+04	5.143928e+04
3.900000e-02	4.000000e-02	2.601000e+06	5.100000e+04	5.100000e+04
4.000000e-02	4.100000e-02	2.322000e+06	4.818714e+04	4.818714e+04
4.100000e-02	4.200000e-02	2.157000e+06	4.644351e+04	4.644351e+04
4.200000e-02	4.300000e-02	1.773000e+06	4.210701e+04	4.210701e+04
4.300000e-02	4.400000e-02	1.503000e+06	3.876854e+04	3.876854e+04
4.400000e-02	4.500000e-02	1.402000e+06	3.744329e+04	3.744329e+04
4.500000e-02	4.600000e-02	1.140000e+06	3.376389e+04	3.376389e+04
4.600000e-02	4.700000e-02	9.850000e+05	3.138471e+04	3.138471e+04
4.700000e-02	4.800000e-02	8.310000e+05	2.882707e+04	2.882707e+04
4.800000e-02	4.900000e-02	5.620000e+05	2.370654e+04	2.370654e+04
4.900000e-02	5.000000e-02	2.500000e+05	1.581139e+04	1.581139e+04
5.000000e-02	5.100000e-02	0.000000e+00	0.000000e+00	0.000000e+00
5.100000e-02	5.200000e-02	0.000000e+00	0.000000e+00	0.000000e+00
5.200000e-02	5.300000e-02	0.000000e+00	0.000000e+00	0.000000e+00
5.300000e-02	5.400000e-02	0.000000e+00	0.000000e+00	0.000000e+00
5.400000e-02	5.500000e-02	0.000000e+00	0.000000e+00	0.000000e+00
5.500000e-02	5.600000e-02	0.000000e+00	0.000000e+00	0.000000e+00
5.600000e-02	5.700000e-02	0.000000e+00	0.000000e+00	0.000000e+00
5.700000e-02	5.800000e-02	0.000000e+00	0.000000e+00	0.000000e+00
5.800000e-02	5.900000e-02	0.000000e+00	0.000000e+00	0.000000e+00
5.900000e-02	6.000000e-02	0.000000e+00	0.000000e+00	0.000000e+00
6.000000e-02	6.100000e-02	0.000000e+00	0.000000e+00	0.000000e+00
6.100000e-02	6.200000e-02	0.000000e+00	0.000000e+00	0.000000e+00
6.200000e-02	6.300000e-02	0.000000e+00	0.000000e+00	0.000000e+00
6.300000e-02	6.400000e-02	0.000000e+00	0.000000e+00	0.000000e+00
6.400000e-02	6.500000e-02	0.000000e+00	0.000000e+00	0.000000e+00
6.500000e-02	6.600000e-02	0.000000e+00	0.000000e+00	0.000000e+00
6.600000e-02	6.700000e-02	0.000000e+00	0.000000e+00	0.000000e+00
6.700000e-02	6.800000e-02	0.000000e+00	0.000000e+00	0.000000e+00
6.800000e-02	6.900000e-02	0.000000e+00	0.000000e+00	0.000000e+00
6.900000e-02	7.000000e-02	0.000000e+00	0.000000e+00	0.000000e+00
# END HISTOGRAM

# BEGIN HISTOGRAM /nfs/dust/cms/user/shwillia/BTV/Apr15/MC_Pythia8_QCD_Pt-50to80_MuEnrichedPt5_Tune4C_13TeV/BTAG_JET_TRACK_SEL.yoda/BTAG_JET_TRACK_SEL/F_ChargedParticlePtRel_BottomJets
LineColor={[HTML]{3366FF}}
LineStyle=solid
Path=/nfs/dust/cms/user/shwillia/BTV/Apr15/MC_Pythia8_QCD_Pt-50to80_MuEnrichedPt5_Tune4C_13TeV/BTAG_JET_TRACK_SEL.yoda/BTAG_JET_TRACK_SEL/F_ChargedParticlePtRel_BottomJets
Rebin=2
Title=BTAG_JET_TRACK_SEL
XLabel=
YLabel=
# xlow	 xhigh	 val	 errminus	 errplus
0.000000e+00	1.000000e-03	9.000000e+03	3.000000e+03	3.000000e+03
1.000000e-03	2.000000e-03	2.576000e+06	5.075431e+04	5.075431e+04
2.000000e-03	3.000000e-03	5.179700e+07	2.275895e+05	2.275895e+05
3.000000e-03	4.000000e-03	1.649610e+08	4.061539e+05	4.061539e+05
4.000000e-03	5.000000e-03	2.352310e+08	4.850062e+05	4.850062e+05
5.000000e-03	6.000000e-03	2.594980e+08	5.094095e+05	5.094095e+05
6.000000e-03	7.000000e-03	2.650030e+08	5.147844e+05	5.147844e+05
7.000000e-03	8.000000e-03	2.654500e+08	5.152184e+05	5.152184e+05
8.000000e-03	9.000000e-03	2.639140e+08	5.137256e+05	5.137256e+05
9.000000e-03	1.000000e-02	2.586270e+08	5.085538e+05	5.085538e+05
1.000000e-02	1.100000e-02	2.593550e+08	5.092691e+05	5.092691e+05
1.100000e-02	1.200000e-02	2.551470e+08	5.051208e+05	5.051208e+05
1.200000e-02	1.300000e-02	2.477990e+08	4.977941e+05	4.977941e+05
1.300000e-02	1.400000e-02	2.395640e+08	4.894528e+05	4.894528e+05
1.400000e-02	1.500000e-02	2.262610e+08	4.756690e+05	4.756690e+05
1.500000e-02	1.600000e-02	2.108340e+08	4.591666e+05	4.591666e+05
1.600000e-02	1.700000e-02	1.907830e+08	4.367871e+05	4.367871e+05
1.700000e-02	1.800000e-02	1.743750e+08	4.175823e+05	4.175823e+05
1.800000e-02	1.900000e-02	1.538860e+08	3.922831e+05	3.922831e+05
1.900000e-02	2.000000e-02	1.364990e+08	3.694577e+05	3.694577e+05
2.000000e-02	2.100000e-02	1.180150e+08	3.435331e+05	3.435331e+05
2.100000e-02	2.200000e-02	1.048160e+08	3.237530e+05	3.237530e+05
2.200000e-02	2.300000e-02	9.100900e+07	3.016770e+05	3.016770e+05
2.300000e-02	2.400000e-02	7.920000e+07	2.814249e+05	2.814249e+05
2.400000e-02	2.500000e-02	6.914300e+07	2.629506e+05	2.629506e+05
2.500000e-02	2.600000e-02	5.983100e+07	2.446038e+05	2.446038e+05
2.600000e-02	2.700000e-02	5.303900e+07	2.303020e+05	2.303020e+05
2.700000e-02	2.800000e-02	4.651300e+07	2.156687e+05	2.156687e+05
2.800000e-02	2.900000e-02	4.185600e+07	2.045874e+05	2.045874e+05
2.900000e-02	3.000000e-02	3.582500e+07	1.892749e+05	1.892749e+05
3.000000e-02	3.100000e-02	3.218400e+07	1.793990e+05	1.793990e+05
3.100000e-02	3.200000e-02	2.909000e+07	1.705579e+05	1.705579e+05
3.200000e-02	3.300000e-02	2.590900e+07	1.609627e+05	1.609627e+05
3.300000e-02	3.400000e-02	2.323000e+07	1.524139e+05	1.524139e+05
3.400000e-02	3.500000e-02	2.113100e+07	1.453651e+05	1.453651e+05
3.500000e-02	3.600000e-02	1.870900e+07	1.367808e+05	1.367808e+05
3.600000e-02	3.700000e-02	1.720300e+07	1.311602e+05	1.311602e+05
3.700000e-02	3.800000e-02	1.574300e+07	1.254711e+05	1.254711e+05
3.800000e-02	3.900000e-02	1.339100e+07	1.157195e+05	1.157195e+05
3.900000e-02	4.000000e-02	1.217400e+07	1.103359e+05	1.103359e+05
4.000000e-02	4.100000e-02	1.050900e+07	1.025134e+05	1.025134e+05
4.100000e-02	4.200000e-02	9.701000e+06	9.849365e+04	9.849365e+04
4.200000e-02	4.300000e-02	8.735000e+06	9.346122e+04	9.346122e+04
4.300000e-02	4.400000e-02	7.510000e+06	8.666026e+04	8.666026e+04
4.400000e-02	4.500000e-02	6.097000e+06	7.808329e+04	7.808329e+04
4.500000e-02	4.600000e-02	5.544000e+06	7.445804e+04	7.445804e+04
4.600000e-02	4.700000e-02	4.663000e+06	6.828616e+04	6.828616e+04
4.700000e-02	4.800000e-02	3.647000e+06	6.039040e+04	6.039040e+04
4.800000e-02	4.900000e-02	2.598000e+06	5.097058e+04	5.097058e+04
4.900000e-02	5.000000e-02	1.409000e+06	3.753665e+04	3.753665e+04
5.000000e-02	5.100000e-02	0.000000e+00	0.000000e+00	0.000000e+00
5.100000e-02	5.200000e-02	0.000000e+00	0.000000e+00	0.000000e+00
5.200000e-02	5.300000e-02	0.000000e+00	0.000000e+00	0.000000e+00
5.300000e-02	5.400000e-02	0.000000e+00	0.000000e+00	0.000000e+00
5.400000e-02	5.500000e-02	0.000000e+00	0.000000e+00	0.000000e+00
5.500000e-02	5.600000e-02	0.000000e+00	0.000000e+00	0.000000e+00
5.600000e-02	5.700000e-02	0.000000e+00	0.000000e+00	0.000000e+00
5.700000e-02	5.800000e-02	0.000000e+00	0.000000e+00	0.000000e+00
5.800000e-02	5.900000e-02	0.000000e+00	0.000000e+00	0.000000e+00
5.900000e-02	6.000000e-02	0.000000e+00	0.000000e+00	0.000000e+00
6.000000e-02	6.100000e-02	0.000000e+00	0.000000e+00	0.000000e+00
6.100000e-02	6.200000e-02	0.000000e+00	0.000000e+00	0.000000e+00
6.200000e-02	6.300000e-02	0.000000e+00	0.000000e+00	0.000000e+00
6.300000e-02	6.400000e-02	0.000000e+00	0.000000e+00	0.000000e+00
6.400000e-02	6.500000e-02	0.000000e+00	0.000000e+00	0.000000e+00
6.500000e-02	6.600000e-02	0.000000e+00	0.000000e+00	0.000000e+00
6.600000e-02	6.700000e-02	0.000000e+00	0.000000e+00	0.000000e+00
6.700000e-02	6.800000e-02	0.000000e+00	0.000000e+00	0.000000e+00
6.800000e-02	6.900000e-02	0.000000e+00	0.000000e+00	0.000000e+00
6.900000e-02	7.000000e-02	0.000000e+00	0.000000e+00	0.000000e+00
# END HISTOGRAM

# BEGIN HISTOGRAM /nfs/dust/cms/user/shwillia/BTV/Apr15/MC_Pythia8_QCD_Pt-50to80_MuEnrichedPt5_PionKaonDecay_Tune4C_13TeV/BTAG_JET_TRACK_SEL.yoda/BTAG_JET_TRACK_SEL/F_ChargedParticlePtRel_BottomJets
LineColor={[HTML]{109618}}
LineStyle=solid
Path=/nfs/dust/cms/user/shwillia/BTV/Apr15/MC_Pythia8_QCD_Pt-50to80_MuEnrichedPt5_PionKaonDecay_Tune4C_13TeV/BTAG_JET_TRACK_SEL.yoda/BTAG_JET_TRACK_SEL/F_ChargedParticlePtRel_BottomJets
Rebin=2
Title=BTAG_JET_TRACK_SEL
XLabel=
YLabel=
# xlow	 xhigh	 val	 errminus	 errplus
0.000000e+00	1.000000e-03	1.100000e+04	3.316625e+03	3.316625e+03
1.000000e-03	2.000000e-03	3.806000e+06	6.169279e+04	6.169279e+04
2.000000e-03	3.000000e-03	7.757300e+07	2.785193e+05	2.785193e+05
3.000000e-03	4.000000e-03	2.410860e+08	4.910051e+05	4.910051e+05
4.000000e-03	5.000000e-03	3.484530e+08	5.902991e+05	5.902991e+05
5.000000e-03	6.000000e-03	3.840580e+08	6.197241e+05	6.197241e+05
6.000000e-03	7.000000e-03	3.897710e+08	6.243164e+05	6.243164e+05
7.000000e-03	8.000000e-03	3.917110e+08	6.258682e+05	6.258682e+05
8.000000e-03	9.000000e-03	3.880360e+08	6.229254e+05	6.229254e+05
9.000000e-03	1.000000e-02	3.834270e+08	6.192148e+05	6.192148e+05
1.000000e-02	1.100000e-02	3.790390e+08	6.156614e+05	6.156614e+05
1.100000e-02	1.200000e-02	3.747790e+08	6.121920e+05	6.121920e+05
1.200000e-02	1.300000e-02	3.667340e+08	6.055857e+05	6.055857e+05
1.300000e-02	1.400000e-02	3.532650e+08	5.943610e+05	5.943610e+05
1.400000e-02	1.500000e-02	3.329350e+08	5.770052e+05	5.770052e+05
1.500000e-02	1.600000e-02	3.091150e+08	5.559811e+05	5.559811e+05
1.600000e-02	1.700000e-02	2.846170e+08	5.334951e+05	5.334951e+05
1.700000e-02	1.800000e-02	2.563030e+08	5.062638e+05	5.062638e+05
1.800000e-02	1.900000e-02	2.264880e+08	4.759076e+05	4.759076e+05
1.900000e-02	2.000000e-02	1.996060e+08	4.467729e+05	4.467729e+05
2.000000e-02	2.100000e-02	1.735850e+08	4.166353e+05	4.166353e+05
2.100000e-02	2.200000e-02	1.511940e+08	3.888367e+05	3.888367e+05
2.200000e-02	2.300000e-02	1.306970e+08	3.615204e+05	3.615204e+05
2.300000e-02	2.400000e-02	1.136550e+08	3.371276e+05	3.371276e+05
2.400000e-02	2.500000e-02	1.002350e+08	3.165991e+05	3.165991e+05
2.500000e-02	2.600000e-02	8.699900e+07	2.949559e+05	2.949559e+05
2.600000e-02	2.700000e-02	7.716700e+07	2.777895e+05	2.777895e+05
2.700000e-02	2.800000e-02	6.727200e+07	2.593685e+05	2.593685e+05
2.800000e-02	2.900000e-02	6.033900e+07	2.456400e+05	2.456400e+05
2.900000e-02	3.000000e-02	5.356700e+07	2.314455e+05	2.314455e+05
3.000000e-02	3.100000e-02	4.745600e+07	2.178440e+05	2.178440e+05
3.100000e-02	3.200000e-02	4.279100e+07	2.068599e+05	2.068599e+05
3.200000e-02	3.300000e-02	3.747200e+07	1.935769e+05	1.935769e+05
3.300000e-02	3.400000e-02	3.434600e+07	1.853267e+05	1.853267e+05
3.400000e-02	3.500000e-02	3.075200e+07	1.753625e+05	1.753625e+05
3.500000e-02	3.600000e-02	2.795600e+07	1.672005e+05	1.672005e+05
3.600000e-02	3.700000e-02	2.426200e+07	1.557626e+05	1.557626e+05
3.700000e-02	3.800000e-02	2.237400e+07	1.495794e+05	1.495794e+05
3.800000e-02	3.900000e-02	1.935400e+07	1.391187e+05	1.391187e+05
3.900000e-02	4.000000e-02	1.758900e+07	1.326235e+05	1.326235e+05
4.000000e-02	4.100000e-02	1.587100e+07	1.259802e+05	1.259802e+05
4.100000e-02	4.200000e-02	1.410000e+07	1.187434e+05	1.187434e+05
4.200000e-02	4.300000e-02	1.187000e+07	1.089495e+05	1.089495e+05
4.300000e-02	4.400000e-02	1.113300e+07	1.055130e+05	1.055130e+05
4.400000e-02	4.500000e-02	9.511000e+06	9.752436e+04	9.752436e+04
4.500000e-02	4.600000e-02	8.141000e+06	9.022749e+04	9.022749e+04
4.600000e-02	4.700000e-02	6.572000e+06	8.106787e+04	8.106787e+04
4.700000e-02	4.800000e-02	5.173000e+06	7.192357e+04	7.192357e+04
4.800000e-02	4.900000e-02	3.958000e+06	6.291264e+04	6.291264e+04
4.900000e-02	5.000000e-02	2.169000e+06	4.657252e+04	4.657252e+04
5.000000e-02	5.100000e-02	0.000000e+00	0.000000e+00	0.000000e+00
5.100000e-02	5.200000e-02	0.000000e+00	0.000000e+00	0.000000e+00
5.200000e-02	5.300000e-02	0.000000e+00	0.000000e+00	0.000000e+00
5.300000e-02	5.400000e-02	0.000000e+00	0.000000e+00	0.000000e+00
5.400000e-02	5.500000e-02	0.000000e+00	0.000000e+00	0.000000e+00
5.500000e-02	5.600000e-02	0.000000e+00	0.000000e+00	0.000000e+00
5.600000e-02	5.700000e-02	0.000000e+00	0.000000e+00	0.000000e+00
5.700000e-02	5.800000e-02	0.000000e+00	0.000000e+00	0.000000e+00
5.800000e-02	5.900000e-02	0.000000e+00	0.000000e+00	0.000000e+00
5.900000e-02	6.000000e-02	0.000000e+00	0.000000e+00	0.000000e+00
6.000000e-02	6.100000e-02	0.000000e+00	0.000000e+00	0.000000e+00
6.100000e-02	6.200000e-02	0.000000e+00	0.000000e+00	0.000000e+00
6.200000e-02	6.300000e-02	0.000000e+00	0.000000e+00	0.000000e+00
6.300000e-02	6.400000e-02	0.000000e+00	0.000000e+00	0.000000e+00
6.400000e-02	6.500000e-02	0.000000e+00	0.000000e+00	0.000000e+00
6.500000e-02	6.600000e-02	0.000000e+00	0.000000e+00	0.000000e+00
6.600000e-02	6.700000e-02	0.000000e+00	0.000000e+00	0.000000e+00
6.700000e-02	6.800000e-02	0.000000e+00	0.000000e+00	0.000000e+00
6.800000e-02	6.900000e-02	0.000000e+00	0.000000e+00	0.000000e+00
6.900000e-02	7.000000e-02	0.000000e+00	0.000000e+00	0.000000e+00
# END HISTOGRAM

