# BEGIN PLOT
DrawOnly=/nfs/dust/cms/user/shwillia/BTV/Apr15/MC_Pythia6_QCD_Pt-50to80_MuEnrichedPt5_TuneZ2star_13TeV/BTAG_JET_TRACK_SEL.yoda/BTAG_JET_TRACK_SEL/F_ChargedParticlePtRel_LightJets /nfs/dust/cms/user/shwillia/BTV/Apr15/MC_Pythia8_QCD_Pt-50to80_MuEnrichedPt5_Tune4C_13TeV/BTAG_JET_TRACK_SEL.yoda/BTAG_JET_TRACK_SEL/F_ChargedParticlePtRel_LightJets /nfs/dust/cms/user/shwillia/BTV/Apr15/MC_Pythia8_QCD_Pt-50to80_MuEnrichedPt5_PionKaonDecay_Tune4C_13TeV/BTAG_JET_TRACK_SEL.yoda/BTAG_JET_TRACK_SEL/F_ChargedParticlePtRel_LightJets
RatioPlotReference=/nfs/dust/cms/user/shwillia/BTV/Apr15/MC_Pythia6_QCD_Pt-50to80_MuEnrichedPt5_TuneZ2star_13TeV/BTAG_JET_TRACK_SEL.yoda/BTAG_JET_TRACK_SEL/F_ChargedParticlePtRel_LightJets
RatioPlot=1
Legend=1
XLabel=$P_{T,rel}(CP)$
YLabel=Normalized to Unity
LogY=1
NormalizeToSum=1
# END PLOT

# BEGIN HISTOGRAM /nfs/dust/cms/user/shwillia/BTV/Apr15/MC_Pythia6_QCD_Pt-50to80_MuEnrichedPt5_TuneZ2star_13TeV/BTAG_JET_TRACK_SEL.yoda/BTAG_JET_TRACK_SEL/F_ChargedParticlePtRel_LightJets
LineColor={[HTML]{EE3311}}
LineStyle=solid
Path=/nfs/dust/cms/user/shwillia/BTV/Apr15/MC_Pythia6_QCD_Pt-50to80_MuEnrichedPt5_TuneZ2star_13TeV/BTAG_JET_TRACK_SEL.yoda/BTAG_JET_TRACK_SEL/F_ChargedParticlePtRel_LightJets
Rebin=2
Title=BTAG_JET_TRACK_SEL
XLabel=
YLabel=
# xlow	 xhigh	 val	 errminus	 errplus
0.000000e+00	1.000000e-03	6.000000e+03	2.449490e+03	2.449490e+03
1.000000e-03	2.000000e-03	2.671000e+06	5.168172e+04	5.168172e+04
2.000000e-03	3.000000e-03	5.429800e+07	2.330193e+05	2.330193e+05
3.000000e-03	4.000000e-03	1.552140e+08	3.939721e+05	3.939721e+05
4.000000e-03	5.000000e-03	2.035740e+08	4.511918e+05	4.511918e+05
5.000000e-03	6.000000e-03	2.101060e+08	4.583732e+05	4.583732e+05
6.000000e-03	7.000000e-03	2.106880e+08	4.590076e+05	4.590076e+05
7.000000e-03	8.000000e-03	2.094480e+08	4.576549e+05	4.576549e+05
8.000000e-03	9.000000e-03	2.079980e+08	4.560680e+05	4.560680e+05
9.000000e-03	1.000000e-02	2.039880e+08	4.516503e+05	4.516503e+05
1.000000e-02	1.100000e-02	1.985360e+08	4.455738e+05	4.455738e+05
1.100000e-02	1.200000e-02	1.945980e+08	4.411326e+05	4.411326e+05
1.200000e-02	1.300000e-02	1.889520e+08	4.346861e+05	4.346861e+05
1.300000e-02	1.400000e-02	1.803120e+08	4.246316e+05	4.246316e+05
1.400000e-02	1.500000e-02	1.672190e+08	4.089242e+05	4.089242e+05
1.500000e-02	1.600000e-02	1.533860e+08	3.916452e+05	3.916452e+05
1.600000e-02	1.700000e-02	1.368020e+08	3.698675e+05	3.698675e+05
1.700000e-02	1.800000e-02	1.202420e+08	3.467593e+05	3.467593e+05
1.800000e-02	1.900000e-02	1.050640e+08	3.241358e+05	3.241358e+05
1.900000e-02	2.000000e-02	8.897500e+07	2.982868e+05	2.982868e+05
2.000000e-02	2.100000e-02	7.698900e+07	2.774689e+05	2.774689e+05
2.100000e-02	2.200000e-02	6.420500e+07	2.533871e+05	2.533871e+05
2.200000e-02	2.300000e-02	5.556700e+07	2.357265e+05	2.357265e+05
2.300000e-02	2.400000e-02	4.840100e+07	2.200023e+05	2.200023e+05
2.400000e-02	2.500000e-02	4.170300e+07	2.042131e+05	2.042131e+05
2.500000e-02	2.600000e-02	3.783300e+07	1.945071e+05	1.945071e+05
2.600000e-02	2.700000e-02	3.440100e+07	1.854751e+05	1.854751e+05
2.700000e-02	2.800000e-02	3.026700e+07	1.739741e+05	1.739741e+05
2.800000e-02	2.900000e-02	2.812000e+07	1.676902e+05	1.676902e+05
2.900000e-02	3.000000e-02	2.577600e+07	1.605491e+05	1.605491e+05
3.000000e-02	3.100000e-02	2.293800e+07	1.514530e+05	1.514530e+05
3.100000e-02	3.200000e-02	2.077500e+07	1.441354e+05	1.441354e+05
3.200000e-02	3.300000e-02	1.932900e+07	1.390288e+05	1.390288e+05
3.300000e-02	3.400000e-02	1.788500e+07	1.337348e+05	1.337348e+05
3.400000e-02	3.500000e-02	1.703100e+07	1.305029e+05	1.305029e+05
3.500000e-02	3.600000e-02	1.547700e+07	1.244066e+05	1.244066e+05
3.600000e-02	3.700000e-02	1.378700e+07	1.174181e+05	1.174181e+05
3.700000e-02	3.800000e-02	1.297900e+07	1.139254e+05	1.139254e+05
3.800000e-02	3.900000e-02	1.178000e+07	1.085357e+05	1.085357e+05
3.900000e-02	4.000000e-02	1.091200e+07	1.044605e+05	1.044605e+05
4.000000e-02	4.100000e-02	1.022800e+07	1.011336e+05	1.011336e+05
4.100000e-02	4.200000e-02	9.049000e+06	9.512623e+04	9.512623e+04
4.200000e-02	4.300000e-02	8.584000e+06	9.264988e+04	9.264988e+04
4.300000e-02	4.400000e-02	7.575000e+06	8.703448e+04	8.703448e+04
4.400000e-02	4.500000e-02	6.522000e+06	8.075890e+04	8.075890e+04
4.500000e-02	4.600000e-02	5.875000e+06	7.664855e+04	7.664855e+04
4.600000e-02	4.700000e-02	4.770000e+06	6.906519e+04	6.906519e+04
4.700000e-02	4.800000e-02	4.103000e+06	6.405466e+04	6.405466e+04
4.800000e-02	4.900000e-02	3.007000e+06	5.483612e+04	5.483612e+04
4.900000e-02	5.000000e-02	1.659000e+06	4.073082e+04	4.073082e+04
5.000000e-02	5.100000e-02	0.000000e+00	0.000000e+00	0.000000e+00
5.100000e-02	5.200000e-02	0.000000e+00	0.000000e+00	0.000000e+00
5.200000e-02	5.300000e-02	0.000000e+00	0.000000e+00	0.000000e+00
5.300000e-02	5.400000e-02	0.000000e+00	0.000000e+00	0.000000e+00
5.400000e-02	5.500000e-02	0.000000e+00	0.000000e+00	0.000000e+00
5.500000e-02	5.600000e-02	0.000000e+00	0.000000e+00	0.000000e+00
5.600000e-02	5.700000e-02	0.000000e+00	0.000000e+00	0.000000e+00
5.700000e-02	5.800000e-02	0.000000e+00	0.000000e+00	0.000000e+00
5.800000e-02	5.900000e-02	0.000000e+00	0.000000e+00	0.000000e+00
5.900000e-02	6.000000e-02	0.000000e+00	0.000000e+00	0.000000e+00
6.000000e-02	6.100000e-02	0.000000e+00	0.000000e+00	0.000000e+00
6.100000e-02	6.200000e-02	0.000000e+00	0.000000e+00	0.000000e+00
6.200000e-02	6.300000e-02	0.000000e+00	0.000000e+00	0.000000e+00
6.300000e-02	6.400000e-02	0.000000e+00	0.000000e+00	0.000000e+00
6.400000e-02	6.500000e-02	0.000000e+00	0.000000e+00	0.000000e+00
6.500000e-02	6.600000e-02	0.000000e+00	0.000000e+00	0.000000e+00
6.600000e-02	6.700000e-02	0.000000e+00	0.000000e+00	0.000000e+00
6.700000e-02	6.800000e-02	0.000000e+00	0.000000e+00	0.000000e+00
6.800000e-02	6.900000e-02	0.000000e+00	0.000000e+00	0.000000e+00
6.900000e-02	7.000000e-02	0.000000e+00	0.000000e+00	0.000000e+00
# END HISTOGRAM

# BEGIN HISTOGRAM /nfs/dust/cms/user/shwillia/BTV/Apr15/MC_Pythia8_QCD_Pt-50to80_MuEnrichedPt5_Tune4C_13TeV/BTAG_JET_TRACK_SEL.yoda/BTAG_JET_TRACK_SEL/F_ChargedParticlePtRel_LightJets
LineColor={[HTML]{3366FF}}
LineStyle=solid
Path=/nfs/dust/cms/user/shwillia/BTV/Apr15/MC_Pythia8_QCD_Pt-50to80_MuEnrichedPt5_Tune4C_13TeV/BTAG_JET_TRACK_SEL.yoda/BTAG_JET_TRACK_SEL/F_ChargedParticlePtRel_LightJets
Rebin=2
Title=BTAG_JET_TRACK_SEL
XLabel=
YLabel=
# xlow	 xhigh	 val	 errminus	 errplus
0.000000e+00	1.000000e-03	2.500000e+04	5.000000e+03	5.000000e+03
1.000000e-03	2.000000e-03	1.033800e+07	1.016760e+05	1.016760e+05
2.000000e-03	3.000000e-03	1.611080e+08	4.013826e+05	4.013826e+05
3.000000e-03	4.000000e-03	4.136260e+08	6.431376e+05	6.431376e+05
4.000000e-03	5.000000e-03	5.176060e+08	7.194484e+05	7.194484e+05
5.000000e-03	6.000000e-03	5.185350e+08	7.200937e+05	7.200937e+05
6.000000e-03	7.000000e-03	5.108300e+08	7.147237e+05	7.147237e+05
7.000000e-03	8.000000e-03	4.980520e+08	7.057280e+05	7.057280e+05
8.000000e-03	9.000000e-03	4.920100e+08	7.014342e+05	7.014342e+05
9.000000e-03	1.000000e-02	4.780080e+08	6.913812e+05	6.913812e+05
1.000000e-02	1.100000e-02	4.595450e+08	6.778975e+05	6.778975e+05
1.100000e-02	1.200000e-02	4.439990e+08	6.663325e+05	6.663325e+05
1.200000e-02	1.300000e-02	4.213690e+08	6.491294e+05	6.491294e+05
1.300000e-02	1.400000e-02	3.985580e+08	6.313145e+05	6.313145e+05
1.400000e-02	1.500000e-02	3.655830e+08	6.046346e+05	6.046346e+05
1.500000e-02	1.600000e-02	3.357860e+08	5.794704e+05	5.794704e+05
1.600000e-02	1.700000e-02	3.001330e+08	5.478440e+05	5.478440e+05
1.700000e-02	1.800000e-02	2.663480e+08	5.160891e+05	5.160891e+05
1.800000e-02	1.900000e-02	2.338190e+08	4.835483e+05	4.835483e+05
1.900000e-02	2.000000e-02	2.012850e+08	4.486480e+05	4.486480e+05
2.000000e-02	2.100000e-02	1.754700e+08	4.188914e+05	4.188914e+05
2.100000e-02	2.200000e-02	1.533800e+08	3.916376e+05	3.916376e+05
2.200000e-02	2.300000e-02	1.360430e+08	3.688401e+05	3.688401e+05
2.300000e-02	2.400000e-02	1.207250e+08	3.474550e+05	3.474550e+05
2.400000e-02	2.500000e-02	1.083550e+08	3.291732e+05	3.291732e+05
2.500000e-02	2.600000e-02	9.736400e+07	3.120320e+05	3.120320e+05
2.600000e-02	2.700000e-02	8.667000e+07	2.943977e+05	2.943977e+05
2.700000e-02	2.800000e-02	8.131700e+07	2.851614e+05	2.851614e+05
2.800000e-02	2.900000e-02	7.248000e+07	2.692211e+05	2.692211e+05
2.900000e-02	3.000000e-02	6.770100e+07	2.601942e+05	2.601942e+05
3.000000e-02	3.100000e-02	6.068100e+07	2.463351e+05	2.463351e+05
3.100000e-02	3.200000e-02	5.696800e+07	2.386797e+05	2.386797e+05
3.200000e-02	3.300000e-02	5.265600e+07	2.294690e+05	2.294690e+05
3.300000e-02	3.400000e-02	4.819500e+07	2.195336e+05	2.195336e+05
3.400000e-02	3.500000e-02	4.464200e+07	2.112865e+05	2.112865e+05
3.500000e-02	3.600000e-02	4.104900e+07	2.026055e+05	2.026055e+05
3.600000e-02	3.700000e-02	3.876700e+07	1.968934e+05	1.968934e+05
3.700000e-02	3.800000e-02	3.484800e+07	1.866762e+05	1.866762e+05
3.800000e-02	3.900000e-02	3.255000e+07	1.804162e+05	1.804162e+05
3.900000e-02	4.000000e-02	3.041900e+07	1.744104e+05	1.744104e+05
4.000000e-02	4.100000e-02	2.732200e+07	1.652937e+05	1.652937e+05
4.100000e-02	4.200000e-02	2.527900e+07	1.589937e+05	1.589937e+05
4.200000e-02	4.300000e-02	2.280100e+07	1.510000e+05	1.510000e+05
4.300000e-02	4.400000e-02	2.024500e+07	1.422849e+05	1.422849e+05
4.400000e-02	4.500000e-02	1.846900e+07	1.359007e+05	1.359007e+05
4.500000e-02	4.600000e-02	1.642400e+07	1.281562e+05	1.281562e+05
4.600000e-02	4.700000e-02	1.394900e+07	1.181059e+05	1.181059e+05
4.700000e-02	4.800000e-02	1.178100e+07	1.085403e+05	1.085403e+05
4.800000e-02	4.900000e-02	8.532000e+06	9.236883e+04	9.236883e+04
4.900000e-02	5.000000e-02	4.341000e+06	6.588627e+04	6.588627e+04
5.000000e-02	5.100000e-02	0.000000e+00	0.000000e+00	0.000000e+00
5.100000e-02	5.200000e-02	0.000000e+00	0.000000e+00	0.000000e+00
5.200000e-02	5.300000e-02	0.000000e+00	0.000000e+00	0.000000e+00
5.300000e-02	5.400000e-02	0.000000e+00	0.000000e+00	0.000000e+00
5.400000e-02	5.500000e-02	0.000000e+00	0.000000e+00	0.000000e+00
5.500000e-02	5.600000e-02	0.000000e+00	0.000000e+00	0.000000e+00
5.600000e-02	5.700000e-02	0.000000e+00	0.000000e+00	0.000000e+00
5.700000e-02	5.800000e-02	0.000000e+00	0.000000e+00	0.000000e+00
5.800000e-02	5.900000e-02	0.000000e+00	0.000000e+00	0.000000e+00
5.900000e-02	6.000000e-02	0.000000e+00	0.000000e+00	0.000000e+00
6.000000e-02	6.100000e-02	0.000000e+00	0.000000e+00	0.000000e+00
6.100000e-02	6.200000e-02	0.000000e+00	0.000000e+00	0.000000e+00
6.200000e-02	6.300000e-02	0.000000e+00	0.000000e+00	0.000000e+00
6.300000e-02	6.400000e-02	0.000000e+00	0.000000e+00	0.000000e+00
6.400000e-02	6.500000e-02	0.000000e+00	0.000000e+00	0.000000e+00
6.500000e-02	6.600000e-02	0.000000e+00	0.000000e+00	0.000000e+00
6.600000e-02	6.700000e-02	0.000000e+00	0.000000e+00	0.000000e+00
6.700000e-02	6.800000e-02	0.000000e+00	0.000000e+00	0.000000e+00
6.800000e-02	6.900000e-02	0.000000e+00	0.000000e+00	0.000000e+00
6.900000e-02	7.000000e-02	0.000000e+00	0.000000e+00	0.000000e+00
# END HISTOGRAM

# BEGIN HISTOGRAM /nfs/dust/cms/user/shwillia/BTV/Apr15/MC_Pythia8_QCD_Pt-50to80_MuEnrichedPt5_PionKaonDecay_Tune4C_13TeV/BTAG_JET_TRACK_SEL.yoda/BTAG_JET_TRACK_SEL/F_ChargedParticlePtRel_LightJets
LineColor={[HTML]{109618}}
LineStyle=solid
Path=/nfs/dust/cms/user/shwillia/BTV/Apr15/MC_Pythia8_QCD_Pt-50to80_MuEnrichedPt5_PionKaonDecay_Tune4C_13TeV/BTAG_JET_TRACK_SEL.yoda/BTAG_JET_TRACK_SEL/F_ChargedParticlePtRel_LightJets
Rebin=2
Title=BTAG_JET_TRACK_SEL
XLabel=
YLabel=
# xlow	 xhigh	 val	 errminus	 errplus
0.000000e+00	1.000000e-03	4.700000e+04	6.855655e+03	6.855655e+03
1.000000e-03	2.000000e-03	2.828600e+07	1.681844e+05	1.681844e+05
2.000000e-03	3.000000e-03	4.441530e+08	6.664480e+05	6.664480e+05
3.000000e-03	4.000000e-03	1.180432e+09	1.086477e+06	1.086477e+06
4.000000e-03	5.000000e-03	1.510172e+09	1.228891e+06	1.228891e+06
5.000000e-03	6.000000e-03	1.557713e+09	1.248084e+06	1.248084e+06
6.000000e-03	7.000000e-03	1.542940e+09	1.242151e+06	1.242151e+06
7.000000e-03	8.000000e-03	1.536171e+09	1.239424e+06	1.239424e+06
8.000000e-03	9.000000e-03	1.533079e+09	1.238176e+06	1.238176e+06
9.000000e-03	1.000000e-02	1.496672e+09	1.223385e+06	1.223385e+06
1.000000e-02	1.100000e-02	1.447991e+09	1.203325e+06	1.203325e+06
1.100000e-02	1.200000e-02	1.400362e+09	1.183369e+06	1.183369e+06
1.200000e-02	1.300000e-02	1.346570e+09	1.160418e+06	1.160418e+06
1.300000e-02	1.400000e-02	1.270511e+09	1.127169e+06	1.127169e+06
1.400000e-02	1.500000e-02	1.170724e+09	1.082000e+06	1.082000e+06
1.500000e-02	1.600000e-02	1.061277e+09	1.030183e+06	1.030183e+06
1.600000e-02	1.700000e-02	9.439460e+08	9.715688e+05	9.715688e+05
1.700000e-02	1.800000e-02	8.204310e+08	9.057765e+05	9.057765e+05
1.800000e-02	1.900000e-02	7.139760e+08	8.449710e+05	8.449710e+05
1.900000e-02	2.000000e-02	6.129150e+08	7.828889e+05	7.828889e+05
2.000000e-02	2.100000e-02	5.225160e+08	7.228527e+05	7.228527e+05
2.100000e-02	2.200000e-02	4.446690e+08	6.668351e+05	6.668351e+05
2.200000e-02	2.300000e-02	3.859600e+08	6.212568e+05	6.212568e+05
2.300000e-02	2.400000e-02	3.347930e+08	5.786130e+05	5.786130e+05
2.400000e-02	2.500000e-02	2.971070e+08	5.450752e+05	5.450752e+05
2.500000e-02	2.600000e-02	2.640030e+08	5.138122e+05	5.138122e+05
2.600000e-02	2.700000e-02	2.376290e+08	4.874721e+05	4.874721e+05
2.700000e-02	2.800000e-02	2.162160e+08	4.649903e+05	4.649903e+05
2.800000e-02	2.900000e-02	1.947800e+08	4.413389e+05	4.413389e+05
2.900000e-02	3.000000e-02	1.775050e+08	4.213134e+05	4.213134e+05
3.000000e-02	3.100000e-02	1.622480e+08	4.028002e+05	4.028002e+05
3.100000e-02	3.200000e-02	1.482890e+08	3.850831e+05	3.850831e+05
3.200000e-02	3.300000e-02	1.372110e+08	3.704200e+05	3.704200e+05
3.300000e-02	3.400000e-02	1.287920e+08	3.588760e+05	3.588760e+05
3.400000e-02	3.500000e-02	1.165860e+08	3.414469e+05	3.414469e+05
3.500000e-02	3.600000e-02	1.070740e+08	3.272216e+05	3.272216e+05
3.600000e-02	3.700000e-02	9.890400e+07	3.144901e+05	3.144901e+05
3.700000e-02	3.800000e-02	9.087500e+07	3.014548e+05	3.014548e+05
3.800000e-02	3.900000e-02	8.331100e+07	2.886364e+05	2.886364e+05
3.900000e-02	4.000000e-02	7.694000e+07	2.773806e+05	2.773806e+05
4.000000e-02	4.100000e-02	7.012700e+07	2.648150e+05	2.648150e+05
4.100000e-02	4.200000e-02	6.333900e+07	2.516724e+05	2.516724e+05
4.200000e-02	4.300000e-02	5.817200e+07	2.411887e+05	2.411887e+05
4.300000e-02	4.400000e-02	5.194100e+07	2.279057e+05	2.279057e+05
4.400000e-02	4.500000e-02	4.655200e+07	2.157591e+05	2.157591e+05
4.500000e-02	4.600000e-02	4.101300e+07	2.025167e+05	2.025167e+05
4.600000e-02	4.700000e-02	3.509500e+07	1.873366e+05	1.873366e+05
4.700000e-02	4.800000e-02	2.829700e+07	1.682171e+05	1.682171e+05
4.800000e-02	4.900000e-02	2.135300e+07	1.461267e+05	1.461267e+05
4.900000e-02	5.000000e-02	1.157400e+07	1.075825e+05	1.075825e+05
5.000000e-02	5.100000e-02	0.000000e+00	0.000000e+00	0.000000e+00
5.100000e-02	5.200000e-02	0.000000e+00	0.000000e+00	0.000000e+00
5.200000e-02	5.300000e-02	0.000000e+00	0.000000e+00	0.000000e+00
5.300000e-02	5.400000e-02	0.000000e+00	0.000000e+00	0.000000e+00
5.400000e-02	5.500000e-02	0.000000e+00	0.000000e+00	0.000000e+00
5.500000e-02	5.600000e-02	0.000000e+00	0.000000e+00	0.000000e+00
5.600000e-02	5.700000e-02	0.000000e+00	0.000000e+00	0.000000e+00
5.700000e-02	5.800000e-02	0.000000e+00	0.000000e+00	0.000000e+00
5.800000e-02	5.900000e-02	0.000000e+00	0.000000e+00	0.000000e+00
5.900000e-02	6.000000e-02	0.000000e+00	0.000000e+00	0.000000e+00
6.000000e-02	6.100000e-02	0.000000e+00	0.000000e+00	0.000000e+00
6.100000e-02	6.200000e-02	0.000000e+00	0.000000e+00	0.000000e+00
6.200000e-02	6.300000e-02	0.000000e+00	0.000000e+00	0.000000e+00
6.300000e-02	6.400000e-02	0.000000e+00	0.000000e+00	0.000000e+00
6.400000e-02	6.500000e-02	0.000000e+00	0.000000e+00	0.000000e+00
6.500000e-02	6.600000e-02	0.000000e+00	0.000000e+00	0.000000e+00
6.600000e-02	6.700000e-02	0.000000e+00	0.000000e+00	0.000000e+00
6.700000e-02	6.800000e-02	0.000000e+00	0.000000e+00	0.000000e+00
6.800000e-02	6.900000e-02	0.000000e+00	0.000000e+00	0.000000e+00
6.900000e-02	7.000000e-02	0.000000e+00	0.000000e+00	0.000000e+00
# END HISTOGRAM

