# BEGIN PLOT
DrawOnly=/nfs/dust/cms/user/shwillia/BTV/Apr15/MC_Pythia6_QCD_Pt-50to80_MuEnrichedPt5_TuneZ2star_13TeV/BTAG_JET_TRACK_SEL.yoda/BTAG_JET_TRACK_SEL/G_ChargedParticleJetDist_LightJets /nfs/dust/cms/user/shwillia/BTV/Apr15/MC_Pythia8_QCD_Pt-50to80_MuEnrichedPt5_Tune4C_13TeV/BTAG_JET_TRACK_SEL.yoda/BTAG_JET_TRACK_SEL/G_ChargedParticleJetDist_LightJets /nfs/dust/cms/user/shwillia/BTV/Apr15/MC_Pythia8_QCD_Pt-50to80_MuEnrichedPt5_PionKaonDecay_Tune4C_13TeV/BTAG_JET_TRACK_SEL.yoda/BTAG_JET_TRACK_SEL/G_ChargedParticleJetDist_LightJets
RatioPlotReference=/nfs/dust/cms/user/shwillia/BTV/Apr15/MC_Pythia6_QCD_Pt-50to80_MuEnrichedPt5_TuneZ2star_13TeV/BTAG_JET_TRACK_SEL.yoda/BTAG_JET_TRACK_SEL/G_ChargedParticleJetDist_LightJets
RatioPlot=1
Legend=1
XLabel=$d(CP,Jet)$
YLabel=Normalized to Unity
LogY=1
NormalizeToSum=1
# END PLOT

# BEGIN HISTOGRAM /nfs/dust/cms/user/shwillia/BTV/Apr15/MC_Pythia6_QCD_Pt-50to80_MuEnrichedPt5_TuneZ2star_13TeV/BTAG_JET_TRACK_SEL.yoda/BTAG_JET_TRACK_SEL/G_ChargedParticleJetDist_LightJets
LineColor={[HTML]{EE3311}}
LineStyle=solid
Path=/nfs/dust/cms/user/shwillia/BTV/Apr15/MC_Pythia6_QCD_Pt-50to80_MuEnrichedPt5_TuneZ2star_13TeV/BTAG_JET_TRACK_SEL.yoda/BTAG_JET_TRACK_SEL/G_ChargedParticleJetDist_LightJets
Title=BTAG_JET_TRACK_SEL
XLabel=
YLabel=
# xlow	 xhigh	 val	 errminus	 errplus
0.000000e+00	2.000000e-02	1.777020e+08	9.426080e+04	9.426080e+04
2.000000e-02	4.000000e-02	4.318500e+05	4.646773e+03	4.646773e+03
4.000000e-02	6.000000e-02	3.303500e+05	4.064173e+03	4.064173e+03
6.000000e-02	8.000000e-02	2.887500e+05	3.799671e+03	3.799671e+03
8.000000e-02	1.000000e-01	2.607000e+05	3.610402e+03	3.610402e+03
1.000000e-01	1.200000e-01	2.442500e+05	3.494639e+03	3.494639e+03
1.200000e-01	1.400000e-01	2.219500e+05	3.331291e+03	3.331291e+03
1.400000e-01	1.600000e-01	2.116500e+05	3.253075e+03	3.253075e+03
1.600000e-01	1.800000e-01	1.916500e+05	3.095561e+03	3.095561e+03
1.800000e-01	2.000000e-01	1.777500e+05	2.981191e+03	2.981191e+03
2.000000e-01	2.200000e-01	1.740000e+05	2.949576e+03	2.949576e+03
2.200000e-01	2.400000e-01	1.715500e+05	2.928737e+03	2.928737e+03
2.400000e-01	2.600000e-01	1.568500e+05	2.800446e+03	2.800446e+03
2.600000e-01	2.800000e-01	1.519500e+05	2.756356e+03	2.756356e+03
2.800000e-01	3.000000e-01	1.463500e+05	2.705088e+03	2.705088e+03
3.000000e-01	3.200000e-01	1.382000e+05	2.628688e+03	2.628688e+03
3.200000e-01	3.400000e-01	1.364000e+05	2.611513e+03	2.611513e+03
3.400000e-01	3.600000e-01	1.315000e+05	2.564176e+03	2.564176e+03
3.600000e-01	3.800000e-01	1.271000e+05	2.520913e+03	2.520913e+03
3.800000e-01	4.000000e-01	1.203000e+05	2.452550e+03	2.452550e+03
4.000000e-01	4.200000e-01	1.186000e+05	2.435159e+03	2.435159e+03
4.200000e-01	4.400000e-01	1.132500e+05	2.379601e+03	2.379601e+03
4.400000e-01	4.600000e-01	1.142000e+05	2.389561e+03	2.389561e+03
4.600000e-01	4.800000e-01	1.088000e+05	2.332381e+03	2.332381e+03
4.800000e-01	5.000000e-01	1.052500e+05	2.294014e+03	2.294014e+03
5.000000e-01	5.200000e-01	1.036500e+05	2.276510e+03	2.276510e+03
5.200000e-01	5.400000e-01	9.855000e+04	2.219797e+03	2.219797e+03
5.400000e-01	5.600000e-01	9.755000e+04	2.208506e+03	2.208506e+03
5.600000e-01	5.800000e-01	9.185000e+04	2.143012e+03	2.143012e+03
5.800000e-01	6.000000e-01	9.335000e+04	2.160440e+03	2.160440e+03
6.000000e-01	6.200000e-01	8.670000e+04	2.082066e+03	2.082066e+03
6.200000e-01	6.400000e-01	8.695000e+04	2.085066e+03	2.085066e+03
6.400000e-01	6.600000e-01	8.430000e+04	2.053047e+03	2.053047e+03
6.600000e-01	6.800000e-01	8.230000e+04	2.028546e+03	2.028546e+03
6.800000e-01	7.000000e-01	7.985000e+04	1.998124e+03	1.998124e+03
7.000000e-01	7.200000e-01	0.000000e+00	0.000000e+00	0.000000e+00
7.200000e-01	7.400000e-01	0.000000e+00	0.000000e+00	0.000000e+00
7.400000e-01	7.600000e-01	0.000000e+00	0.000000e+00	0.000000e+00
7.600000e-01	7.800000e-01	0.000000e+00	0.000000e+00	0.000000e+00
7.800000e-01	8.000000e-01	0.000000e+00	0.000000e+00	0.000000e+00
8.000000e-01	8.200000e-01	0.000000e+00	0.000000e+00	0.000000e+00
8.200000e-01	8.400000e-01	0.000000e+00	0.000000e+00	0.000000e+00
8.400000e-01	8.600000e-01	0.000000e+00	0.000000e+00	0.000000e+00
8.600000e-01	8.800000e-01	0.000000e+00	0.000000e+00	0.000000e+00
8.800000e-01	9.000000e-01	0.000000e+00	0.000000e+00	0.000000e+00
9.000000e-01	9.200000e-01	0.000000e+00	0.000000e+00	0.000000e+00
9.200000e-01	9.400000e-01	0.000000e+00	0.000000e+00	0.000000e+00
9.400000e-01	9.600000e-01	0.000000e+00	0.000000e+00	0.000000e+00
9.600000e-01	9.800000e-01	0.000000e+00	0.000000e+00	0.000000e+00
9.800000e-01	1.000000e+00	0.000000e+00	0.000000e+00	0.000000e+00
# END HISTOGRAM

# BEGIN HISTOGRAM /nfs/dust/cms/user/shwillia/BTV/Apr15/MC_Pythia8_QCD_Pt-50to80_MuEnrichedPt5_Tune4C_13TeV/BTAG_JET_TRACK_SEL.yoda/BTAG_JET_TRACK_SEL/G_ChargedParticleJetDist_LightJets
LineColor={[HTML]{3366FF}}
LineStyle=solid
Path=/nfs/dust/cms/user/shwillia/BTV/Apr15/MC_Pythia8_QCD_Pt-50to80_MuEnrichedPt5_Tune4C_13TeV/BTAG_JET_TRACK_SEL.yoda/BTAG_JET_TRACK_SEL/G_ChargedParticleJetDist_LightJets
Title=BTAG_JET_TRACK_SEL
XLabel=
YLabel=
# xlow	 xhigh	 val	 errminus	 errplus
0.000000e+00	2.000000e-02	4.156760e+08	1.441659e+05	1.441659e+05
2.000000e-02	4.000000e-02	1.438950e+06	8.482187e+03	8.482187e+03
4.000000e-02	6.000000e-02	1.212950e+06	7.787650e+03	7.787650e+03
6.000000e-02	8.000000e-02	1.077100e+06	7.338597e+03	7.338597e+03
8.000000e-02	1.000000e-01	9.784000e+05	6.994283e+03	6.994283e+03
1.000000e-01	1.200000e-01	9.243500e+05	6.798345e+03	6.798345e+03
1.200000e-01	1.400000e-01	8.611000e+05	6.561631e+03	6.561631e+03
1.400000e-01	1.600000e-01	8.158500e+05	6.386901e+03	6.386901e+03
1.600000e-01	1.800000e-01	7.731000e+05	6.217315e+03	6.217315e+03
1.800000e-01	2.000000e-01	7.402000e+05	6.083584e+03	6.083584e+03
2.000000e-01	2.200000e-01	6.996500e+05	5.914601e+03	5.914601e+03
2.200000e-01	2.400000e-01	6.834000e+05	5.845511e+03	5.845511e+03
2.400000e-01	2.600000e-01	6.522500e+05	5.710736e+03	5.710736e+03
2.600000e-01	2.800000e-01	6.311000e+05	5.617384e+03	5.617384e+03
2.800000e-01	3.000000e-01	6.108500e+05	5.526527e+03	5.526527e+03
3.000000e-01	3.200000e-01	5.862500e+05	5.414102e+03	5.414102e+03
3.200000e-01	3.400000e-01	5.678000e+05	5.328227e+03	5.328227e+03
3.400000e-01	3.600000e-01	5.612500e+05	5.297405e+03	5.297405e+03
3.600000e-01	3.800000e-01	5.281500e+05	5.138823e+03	5.138823e+03
3.800000e-01	4.000000e-01	5.209500e+05	5.103675e+03	5.103675e+03
4.000000e-01	4.200000e-01	4.918000e+05	4.958831e+03	4.958831e+03
4.200000e-01	4.400000e-01	4.718000e+05	4.856954e+03	4.856954e+03
4.400000e-01	4.600000e-01	4.743000e+05	4.869805e+03	4.869805e+03
4.600000e-01	4.800000e-01	4.577500e+05	4.784088e+03	4.784088e+03
4.800000e-01	5.000000e-01	4.511000e+05	4.749210e+03	4.749210e+03
5.000000e-01	5.200000e-01	4.329500e+05	4.652687e+03	4.652687e+03
5.200000e-01	5.400000e-01	4.261000e+05	4.615734e+03	4.615734e+03
5.400000e-01	5.600000e-01	4.114000e+05	4.535416e+03	4.535416e+03
5.600000e-01	5.800000e-01	4.031000e+05	4.489432e+03	4.489432e+03
5.800000e-01	6.000000e-01	3.997000e+05	4.470459e+03	4.470459e+03
6.000000e-01	6.200000e-01	3.845000e+05	4.384632e+03	4.384632e+03
6.200000e-01	6.400000e-01	3.767000e+05	4.339931e+03	4.339931e+03
6.400000e-01	6.600000e-01	3.709000e+05	4.306391e+03	4.306391e+03
6.600000e-01	6.800000e-01	3.519500e+05	4.194937e+03	4.194937e+03
6.800000e-01	7.000000e-01	3.556000e+05	4.216634e+03	4.216634e+03
7.000000e-01	7.200000e-01	0.000000e+00	0.000000e+00	0.000000e+00
7.200000e-01	7.400000e-01	0.000000e+00	0.000000e+00	0.000000e+00
7.400000e-01	7.600000e-01	0.000000e+00	0.000000e+00	0.000000e+00
7.600000e-01	7.800000e-01	0.000000e+00	0.000000e+00	0.000000e+00
7.800000e-01	8.000000e-01	0.000000e+00	0.000000e+00	0.000000e+00
8.000000e-01	8.200000e-01	0.000000e+00	0.000000e+00	0.000000e+00
8.200000e-01	8.400000e-01	0.000000e+00	0.000000e+00	0.000000e+00
8.400000e-01	8.600000e-01	0.000000e+00	0.000000e+00	0.000000e+00
8.600000e-01	8.800000e-01	0.000000e+00	0.000000e+00	0.000000e+00
8.800000e-01	9.000000e-01	0.000000e+00	0.000000e+00	0.000000e+00
9.000000e-01	9.200000e-01	0.000000e+00	0.000000e+00	0.000000e+00
9.200000e-01	9.400000e-01	0.000000e+00	0.000000e+00	0.000000e+00
9.400000e-01	9.600000e-01	0.000000e+00	0.000000e+00	0.000000e+00
9.600000e-01	9.800000e-01	0.000000e+00	0.000000e+00	0.000000e+00
9.800000e-01	1.000000e+00	0.000000e+00	0.000000e+00	0.000000e+00
# END HISTOGRAM

# BEGIN HISTOGRAM /nfs/dust/cms/user/shwillia/BTV/Apr15/MC_Pythia8_QCD_Pt-50to80_MuEnrichedPt5_PionKaonDecay_Tune4C_13TeV/BTAG_JET_TRACK_SEL.yoda/BTAG_JET_TRACK_SEL/G_ChargedParticleJetDist_LightJets
LineColor={[HTML]{109618}}
LineStyle=solid
Path=/nfs/dust/cms/user/shwillia/BTV/Apr15/MC_Pythia8_QCD_Pt-50to80_MuEnrichedPt5_PionKaonDecay_Tune4C_13TeV/BTAG_JET_TRACK_SEL.yoda/BTAG_JET_TRACK_SEL/G_ChargedParticleJetDist_LightJets
Title=BTAG_JET_TRACK_SEL
XLabel=
YLabel=
# xlow	 xhigh	 val	 errminus	 errplus
0.000000e+00	2.000000e-02	1.273241e+09	2.523134e+05	2.523134e+05
2.000000e-02	4.000000e-02	3.234450e+06	1.271702e+04	1.271702e+04
4.000000e-02	6.000000e-02	2.474250e+06	1.112261e+04	1.112261e+04
6.000000e-02	8.000000e-02	2.162350e+06	1.039796e+04	1.039796e+04
8.000000e-02	1.000000e-01	1.952700e+06	9.881042e+03	9.881042e+03
1.000000e-01	1.200000e-01	1.818800e+06	9.536247e+03	9.536247e+03
1.200000e-01	1.400000e-01	1.665300e+06	9.124966e+03	9.124966e+03
1.400000e-01	1.600000e-01	1.571750e+06	8.864959e+03	8.864959e+03
1.600000e-01	1.800000e-01	1.473750e+06	8.584142e+03	8.584142e+03
1.800000e-01	2.000000e-01	1.424600e+06	8.439787e+03	8.439787e+03
2.000000e-01	2.200000e-01	1.344950e+06	8.200457e+03	8.200457e+03
2.200000e-01	2.400000e-01	1.289400e+06	8.029321e+03	8.029321e+03
2.400000e-01	2.600000e-01	1.222050e+06	7.816809e+03	7.816809e+03
2.600000e-01	2.800000e-01	1.176950e+06	7.671212e+03	7.671212e+03
2.800000e-01	3.000000e-01	1.137150e+06	7.540391e+03	7.540391e+03
3.000000e-01	3.200000e-01	1.091600e+06	7.387828e+03	7.387828e+03
3.200000e-01	3.400000e-01	1.047100e+06	7.235676e+03	7.235676e+03
3.400000e-01	3.600000e-01	1.010150e+06	7.106863e+03	7.106863e+03
3.600000e-01	3.800000e-01	9.699500e+05	6.964015e+03	6.964015e+03
3.800000e-01	4.000000e-01	9.446000e+05	6.872409e+03	6.872409e+03
4.000000e-01	4.200000e-01	9.199500e+05	6.782146e+03	6.782146e+03
4.200000e-01	4.400000e-01	8.766500e+05	6.620612e+03	6.620612e+03
4.400000e-01	4.600000e-01	8.590000e+05	6.553625e+03	6.553625e+03
4.600000e-01	4.800000e-01	8.340000e+05	6.457554e+03	6.457554e+03
4.800000e-01	5.000000e-01	8.063000e+05	6.349409e+03	6.349409e+03
5.000000e-01	5.200000e-01	7.904000e+05	6.286493e+03	6.286493e+03
5.200000e-01	5.400000e-01	7.723500e+05	6.214298e+03	6.214298e+03
5.400000e-01	5.600000e-01	7.341000e+05	6.058465e+03	6.058465e+03
5.600000e-01	5.800000e-01	7.311500e+05	6.046280e+03	6.046280e+03
5.800000e-01	6.000000e-01	7.088500e+05	5.953360e+03	5.953360e+03
6.000000e-01	6.200000e-01	6.840000e+05	5.848077e+03	5.848077e+03
6.200000e-01	6.400000e-01	6.718500e+05	5.795904e+03	5.795904e+03
6.400000e-01	6.600000e-01	6.525000e+05	5.711830e+03	5.711830e+03
6.600000e-01	6.800000e-01	6.404500e+05	5.658843e+03	5.658843e+03
6.800000e-01	7.000000e-01	6.275500e+05	5.601562e+03	5.601562e+03
7.000000e-01	7.200000e-01	0.000000e+00	0.000000e+00	0.000000e+00
7.200000e-01	7.400000e-01	0.000000e+00	0.000000e+00	0.000000e+00
7.400000e-01	7.600000e-01	0.000000e+00	0.000000e+00	0.000000e+00
7.600000e-01	7.800000e-01	0.000000e+00	0.000000e+00	0.000000e+00
7.800000e-01	8.000000e-01	0.000000e+00	0.000000e+00	0.000000e+00
8.000000e-01	8.200000e-01	0.000000e+00	0.000000e+00	0.000000e+00
8.200000e-01	8.400000e-01	0.000000e+00	0.000000e+00	0.000000e+00
8.400000e-01	8.600000e-01	0.000000e+00	0.000000e+00	0.000000e+00
8.600000e-01	8.800000e-01	0.000000e+00	0.000000e+00	0.000000e+00
8.800000e-01	9.000000e-01	0.000000e+00	0.000000e+00	0.000000e+00
9.000000e-01	9.200000e-01	0.000000e+00	0.000000e+00	0.000000e+00
9.200000e-01	9.400000e-01	0.000000e+00	0.000000e+00	0.000000e+00
9.400000e-01	9.600000e-01	0.000000e+00	0.000000e+00	0.000000e+00
9.600000e-01	9.800000e-01	0.000000e+00	0.000000e+00	0.000000e+00
9.800000e-01	1.000000e+00	0.000000e+00	0.000000e+00	0.000000e+00
# END HISTOGRAM

