# BEGIN PLOT
DrawOnly=/nfs/dust/cms/user/shwillia/BTV/Apr15/MC_Pythia6_QCD_Pt-50to80_MuEnrichedPt5_TuneZ2star_13TeV/BTAG_JET_TRACK_SEL.yoda/BTAG_JET_TRACK_SEL/H_ChargedParticleJetDr_LightJets /nfs/dust/cms/user/shwillia/BTV/Apr15/MC_Pythia8_QCD_Pt-50to80_MuEnrichedPt5_Tune4C_13TeV/BTAG_JET_TRACK_SEL.yoda/BTAG_JET_TRACK_SEL/H_ChargedParticleJetDr_LightJets /nfs/dust/cms/user/shwillia/BTV/Apr15/MC_Pythia8_QCD_Pt-50to80_MuEnrichedPt5_PionKaonDecay_Tune4C_13TeV/BTAG_JET_TRACK_SEL.yoda/BTAG_JET_TRACK_SEL/H_ChargedParticleJetDr_LightJets
RatioPlotReference=/nfs/dust/cms/user/shwillia/BTV/Apr15/MC_Pythia6_QCD_Pt-50to80_MuEnrichedPt5_TuneZ2star_13TeV/BTAG_JET_TRACK_SEL.yoda/BTAG_JET_TRACK_SEL/H_ChargedParticleJetDr_LightJets
RatioPlot=1
Legend=1
XLabel=$\Delta R(CP,Jet)$
YLabel=Normalized to Unity
LogY=1
NormalizeToSum=1
# END PLOT

# BEGIN HISTOGRAM /nfs/dust/cms/user/shwillia/BTV/Apr15/MC_Pythia6_QCD_Pt-50to80_MuEnrichedPt5_TuneZ2star_13TeV/BTAG_JET_TRACK_SEL.yoda/BTAG_JET_TRACK_SEL/H_ChargedParticleJetDr_LightJets
LineColor={[HTML]{EE3311}}
LineStyle=solid
Path=/nfs/dust/cms/user/shwillia/BTV/Apr15/MC_Pythia6_QCD_Pt-50to80_MuEnrichedPt5_TuneZ2star_13TeV/BTAG_JET_TRACK_SEL.yoda/BTAG_JET_TRACK_SEL/H_ChargedParticleJetDr_LightJets
Rebin=2
Title=BTAG_JET_TRACK_SEL
XLabel=
YLabel=
# xlow	 xhigh	 val	 errminus	 errplus
0.000000e+00	1.000000e-02	3.468600e+06	1.862418e+04	1.862418e+04
1.000000e-02	2.000000e-02	9.319700e+06	3.052818e+04	3.052818e+04
2.000000e-02	3.000000e-02	1.337800e+07	3.657595e+04	3.657595e+04
3.000000e-02	4.000000e-02	1.591680e+07	3.989586e+04	3.989586e+04
4.000000e-02	5.000000e-02	1.737880e+07	4.168789e+04	4.168789e+04
5.000000e-02	6.000000e-02	1.799970e+07	4.242605e+04	4.242605e+04
6.000000e-02	7.000000e-02	1.822720e+07	4.269333e+04	4.269333e+04
7.000000e-02	8.000000e-02	1.799710e+07	4.242299e+04	4.242299e+04
8.000000e-02	9.000000e-02	1.767370e+07	4.204010e+04	4.204010e+04
9.000000e-02	1.000000e-01	1.709440e+07	4.134537e+04	4.134537e+04
1.000000e-01	1.100000e-01	1.657580e+07	4.071339e+04	4.071339e+04
1.100000e-01	1.200000e-01	1.586290e+07	3.982826e+04	3.982826e+04
1.200000e-01	1.300000e-01	1.522830e+07	3.902345e+04	3.902345e+04
1.300000e-01	1.400000e-01	1.450520e+07	3.808569e+04	3.808569e+04
1.400000e-01	1.500000e-01	1.377720e+07	3.711765e+04	3.711765e+04
1.500000e-01	1.600000e-01	1.312580e+07	3.622955e+04	3.622955e+04
1.600000e-01	1.700000e-01	1.250790e+07	3.536651e+04	3.536651e+04
1.700000e-01	1.800000e-01	1.190620e+07	3.450536e+04	3.450536e+04
1.800000e-01	1.900000e-01	1.126140e+07	3.355801e+04	3.355801e+04
1.900000e-01	2.000000e-01	1.067500e+07	3.267262e+04	3.267262e+04
2.000000e-01	2.100000e-01	1.018260e+07	3.191019e+04	3.191019e+04
2.100000e-01	2.200000e-01	9.665400e+06	3.108923e+04	3.108923e+04
2.200000e-01	2.300000e-01	9.168000e+06	3.027871e+04	3.027871e+04
2.300000e-01	2.400000e-01	8.724300e+06	2.953693e+04	2.953693e+04
2.400000e-01	2.500000e-01	8.283600e+06	2.878124e+04	2.878124e+04
2.500000e-01	2.600000e-01	7.918000e+06	2.813894e+04	2.813894e+04
2.600000e-01	2.700000e-01	7.513500e+06	2.741076e+04	2.741076e+04
2.700000e-01	2.800000e-01	7.182200e+06	2.679963e+04	2.679963e+04
2.800000e-01	2.900000e-01	6.877100e+06	2.622423e+04	2.622423e+04
2.900000e-01	3.000000e-01	6.566000e+06	2.562421e+04	2.562421e+04
3.000000e-01	3.100000e-01	0.000000e+00	0.000000e+00	0.000000e+00
3.100000e-01	3.200000e-01	0.000000e+00	0.000000e+00	0.000000e+00
3.200000e-01	3.300000e-01	0.000000e+00	0.000000e+00	0.000000e+00
3.300000e-01	3.400000e-01	0.000000e+00	0.000000e+00	0.000000e+00
3.400000e-01	3.500000e-01	0.000000e+00	0.000000e+00	0.000000e+00
3.500000e-01	3.600000e-01	0.000000e+00	0.000000e+00	0.000000e+00
3.600000e-01	3.700000e-01	0.000000e+00	0.000000e+00	0.000000e+00
3.700000e-01	3.800000e-01	0.000000e+00	0.000000e+00	0.000000e+00
3.800000e-01	3.900000e-01	0.000000e+00	0.000000e+00	0.000000e+00
3.900000e-01	4.000000e-01	0.000000e+00	0.000000e+00	0.000000e+00
4.000000e-01	4.100000e-01	0.000000e+00	0.000000e+00	0.000000e+00
4.100000e-01	4.200000e-01	0.000000e+00	0.000000e+00	0.000000e+00
4.200000e-01	4.300000e-01	0.000000e+00	0.000000e+00	0.000000e+00
4.300000e-01	4.400000e-01	0.000000e+00	0.000000e+00	0.000000e+00
4.400000e-01	4.500000e-01	0.000000e+00	0.000000e+00	0.000000e+00
4.500000e-01	4.600000e-01	0.000000e+00	0.000000e+00	0.000000e+00
4.600000e-01	4.700000e-01	0.000000e+00	0.000000e+00	0.000000e+00
4.700000e-01	4.800000e-01	0.000000e+00	0.000000e+00	0.000000e+00
4.800000e-01	4.900000e-01	0.000000e+00	0.000000e+00	0.000000e+00
4.900000e-01	5.000000e-01	0.000000e+00	0.000000e+00	0.000000e+00
5.000000e-01	5.100000e-01	0.000000e+00	0.000000e+00	0.000000e+00
5.100000e-01	5.200000e-01	0.000000e+00	0.000000e+00	0.000000e+00
5.200000e-01	5.300000e-01	0.000000e+00	0.000000e+00	0.000000e+00
5.300000e-01	5.400000e-01	0.000000e+00	0.000000e+00	0.000000e+00
5.400000e-01	5.500000e-01	0.000000e+00	0.000000e+00	0.000000e+00
5.500000e-01	5.600000e-01	0.000000e+00	0.000000e+00	0.000000e+00
5.600000e-01	5.700000e-01	0.000000e+00	0.000000e+00	0.000000e+00
5.700000e-01	5.800000e-01	0.000000e+00	0.000000e+00	0.000000e+00
5.800000e-01	5.900000e-01	0.000000e+00	0.000000e+00	0.000000e+00
5.900000e-01	6.000000e-01	0.000000e+00	0.000000e+00	0.000000e+00
6.000000e-01	6.100000e-01	0.000000e+00	0.000000e+00	0.000000e+00
6.100000e-01	6.200000e-01	0.000000e+00	0.000000e+00	0.000000e+00
6.200000e-01	6.300000e-01	0.000000e+00	0.000000e+00	0.000000e+00
6.300000e-01	6.400000e-01	0.000000e+00	0.000000e+00	0.000000e+00
6.400000e-01	6.500000e-01	0.000000e+00	0.000000e+00	0.000000e+00
6.500000e-01	6.600000e-01	0.000000e+00	0.000000e+00	0.000000e+00
6.600000e-01	6.700000e-01	0.000000e+00	0.000000e+00	0.000000e+00
6.700000e-01	6.800000e-01	0.000000e+00	0.000000e+00	0.000000e+00
6.800000e-01	6.900000e-01	0.000000e+00	0.000000e+00	0.000000e+00
6.900000e-01	7.000000e-01	0.000000e+00	0.000000e+00	0.000000e+00
# END HISTOGRAM

# BEGIN HISTOGRAM /nfs/dust/cms/user/shwillia/BTV/Apr15/MC_Pythia8_QCD_Pt-50to80_MuEnrichedPt5_Tune4C_13TeV/BTAG_JET_TRACK_SEL.yoda/BTAG_JET_TRACK_SEL/H_ChargedParticleJetDr_LightJets
LineColor={[HTML]{3366FF}}
LineStyle=solid
Path=/nfs/dust/cms/user/shwillia/BTV/Apr15/MC_Pythia8_QCD_Pt-50to80_MuEnrichedPt5_Tune4C_13TeV/BTAG_JET_TRACK_SEL.yoda/BTAG_JET_TRACK_SEL/H_ChargedParticleJetDr_LightJets
Rebin=2
Title=BTAG_JET_TRACK_SEL
XLabel=
YLabel=
# xlow	 xhigh	 val	 errminus	 errplus
0.000000e+00	1.000000e-02	7.568800e+06	2.751145e+04	2.751145e+04
1.000000e-02	2.000000e-02	2.056690e+07	4.535074e+04	4.535074e+04
2.000000e-02	3.000000e-02	2.982970e+07	5.461657e+04	5.461657e+04
3.000000e-02	4.000000e-02	3.578100e+07	5.981722e+04	5.981722e+04
4.000000e-02	5.000000e-02	3.928700e+07	6.267934e+04	6.267934e+04
5.000000e-02	6.000000e-02	4.124700e+07	6.422383e+04	6.422383e+04
6.000000e-02	7.000000e-02	4.203080e+07	6.483117e+04	6.483117e+04
7.000000e-02	8.000000e-02	4.191980e+07	6.474550e+04	6.474550e+04
8.000000e-02	9.000000e-02	4.142090e+07	6.435907e+04	6.435907e+04
9.000000e-02	1.000000e-01	4.054130e+07	6.367205e+04	6.367205e+04
1.000000e-01	1.100000e-01	3.918840e+07	6.260064e+04	6.260064e+04
1.100000e-01	1.200000e-01	3.774680e+07	6.143842e+04	6.143842e+04
1.200000e-01	1.300000e-01	3.638610e+07	6.032089e+04	6.032089e+04
1.300000e-01	1.400000e-01	3.494670e+07	5.911573e+04	5.911573e+04
1.400000e-01	1.500000e-01	3.342200e+07	5.781176e+04	5.781176e+04
1.500000e-01	1.600000e-01	3.191130e+07	5.649009e+04	5.649009e+04
1.600000e-01	1.700000e-01	3.046400e+07	5.519420e+04	5.519420e+04
1.700000e-01	1.800000e-01	2.910980e+07	5.395350e+04	5.395350e+04
1.800000e-01	1.900000e-01	2.766590e+07	5.259838e+04	5.259838e+04
1.900000e-01	2.000000e-01	2.646450e+07	5.144366e+04	5.144366e+04
2.000000e-01	2.100000e-01	2.513940e+07	5.013921e+04	5.013921e+04
2.100000e-01	2.200000e-01	2.406130e+07	4.905232e+04	4.905232e+04
2.200000e-01	2.300000e-01	2.287260e+07	4.782531e+04	4.782531e+04
2.300000e-01	2.400000e-01	2.182670e+07	4.671905e+04	4.671905e+04
2.400000e-01	2.500000e-01	2.091450e+07	4.573237e+04	4.573237e+04
2.500000e-01	2.600000e-01	1.987740e+07	4.458408e+04	4.458408e+04
2.600000e-01	2.700000e-01	1.904660e+07	4.364241e+04	4.364241e+04
2.700000e-01	2.800000e-01	1.827130e+07	4.274494e+04	4.274494e+04
2.800000e-01	2.900000e-01	1.743070e+07	4.175009e+04	4.175009e+04
2.900000e-01	3.000000e-01	1.665940e+07	4.081593e+04	4.081593e+04
3.000000e-01	3.100000e-01	0.000000e+00	0.000000e+00	0.000000e+00
3.100000e-01	3.200000e-01	0.000000e+00	0.000000e+00	0.000000e+00
3.200000e-01	3.300000e-01	0.000000e+00	0.000000e+00	0.000000e+00
3.300000e-01	3.400000e-01	0.000000e+00	0.000000e+00	0.000000e+00
3.400000e-01	3.500000e-01	0.000000e+00	0.000000e+00	0.000000e+00
3.500000e-01	3.600000e-01	0.000000e+00	0.000000e+00	0.000000e+00
3.600000e-01	3.700000e-01	0.000000e+00	0.000000e+00	0.000000e+00
3.700000e-01	3.800000e-01	0.000000e+00	0.000000e+00	0.000000e+00
3.800000e-01	3.900000e-01	0.000000e+00	0.000000e+00	0.000000e+00
3.900000e-01	4.000000e-01	0.000000e+00	0.000000e+00	0.000000e+00
4.000000e-01	4.100000e-01	0.000000e+00	0.000000e+00	0.000000e+00
4.100000e-01	4.200000e-01	0.000000e+00	0.000000e+00	0.000000e+00
4.200000e-01	4.300000e-01	0.000000e+00	0.000000e+00	0.000000e+00
4.300000e-01	4.400000e-01	0.000000e+00	0.000000e+00	0.000000e+00
4.400000e-01	4.500000e-01	0.000000e+00	0.000000e+00	0.000000e+00
4.500000e-01	4.600000e-01	0.000000e+00	0.000000e+00	0.000000e+00
4.600000e-01	4.700000e-01	0.000000e+00	0.000000e+00	0.000000e+00
4.700000e-01	4.800000e-01	0.000000e+00	0.000000e+00	0.000000e+00
4.800000e-01	4.900000e-01	0.000000e+00	0.000000e+00	0.000000e+00
4.900000e-01	5.000000e-01	0.000000e+00	0.000000e+00	0.000000e+00
5.000000e-01	5.100000e-01	0.000000e+00	0.000000e+00	0.000000e+00
5.100000e-01	5.200000e-01	0.000000e+00	0.000000e+00	0.000000e+00
5.200000e-01	5.300000e-01	0.000000e+00	0.000000e+00	0.000000e+00
5.300000e-01	5.400000e-01	0.000000e+00	0.000000e+00	0.000000e+00
5.400000e-01	5.500000e-01	0.000000e+00	0.000000e+00	0.000000e+00
5.500000e-01	5.600000e-01	0.000000e+00	0.000000e+00	0.000000e+00
5.600000e-01	5.700000e-01	0.000000e+00	0.000000e+00	0.000000e+00
5.700000e-01	5.800000e-01	0.000000e+00	0.000000e+00	0.000000e+00
5.800000e-01	5.900000e-01	0.000000e+00	0.000000e+00	0.000000e+00
5.900000e-01	6.000000e-01	0.000000e+00	0.000000e+00	0.000000e+00
6.000000e-01	6.100000e-01	0.000000e+00	0.000000e+00	0.000000e+00
6.100000e-01	6.200000e-01	0.000000e+00	0.000000e+00	0.000000e+00
6.200000e-01	6.300000e-01	0.000000e+00	0.000000e+00	0.000000e+00
6.300000e-01	6.400000e-01	0.000000e+00	0.000000e+00	0.000000e+00
6.400000e-01	6.500000e-01	0.000000e+00	0.000000e+00	0.000000e+00
6.500000e-01	6.600000e-01	0.000000e+00	0.000000e+00	0.000000e+00
6.600000e-01	6.700000e-01	0.000000e+00	0.000000e+00	0.000000e+00
6.700000e-01	6.800000e-01	0.000000e+00	0.000000e+00	0.000000e+00
6.800000e-01	6.900000e-01	0.000000e+00	0.000000e+00	0.000000e+00
6.900000e-01	7.000000e-01	0.000000e+00	0.000000e+00	0.000000e+00
# END HISTOGRAM

# BEGIN HISTOGRAM /nfs/dust/cms/user/shwillia/BTV/Apr15/MC_Pythia8_QCD_Pt-50to80_MuEnrichedPt5_PionKaonDecay_Tune4C_13TeV/BTAG_JET_TRACK_SEL.yoda/BTAG_JET_TRACK_SEL/H_ChargedParticleJetDr_LightJets
LineColor={[HTML]{109618}}
LineStyle=solid
Path=/nfs/dust/cms/user/shwillia/BTV/Apr15/MC_Pythia8_QCD_Pt-50to80_MuEnrichedPt5_PionKaonDecay_Tune4C_13TeV/BTAG_JET_TRACK_SEL.yoda/BTAG_JET_TRACK_SEL/H_ChargedParticleJetDr_LightJets
Rebin=2
Title=BTAG_JET_TRACK_SEL
XLabel=
YLabel=
# xlow	 xhigh	 val	 errminus	 errplus
0.000000e+00	1.000000e-02	2.334430e+07	4.831594e+04	4.831594e+04
1.000000e-02	2.000000e-02	6.363440e+07	7.977117e+04	7.977117e+04
2.000000e-02	3.000000e-02	9.193430e+07	9.588238e+04	9.588238e+04
3.000000e-02	4.000000e-02	1.098262e+08	1.047980e+05	1.047980e+05
4.000000e-02	5.000000e-02	1.206467e+08	1.098393e+05	1.098393e+05
5.000000e-02	6.000000e-02	1.260482e+08	1.122712e+05	1.122712e+05
6.000000e-02	7.000000e-02	1.281544e+08	1.132053e+05	1.132053e+05
7.000000e-02	8.000000e-02	1.275594e+08	1.129422e+05	1.129422e+05
8.000000e-02	9.000000e-02	1.254867e+08	1.120208e+05	1.120208e+05
9.000000e-02	1.000000e-01	1.221668e+08	1.105291e+05	1.105291e+05
1.000000e-01	1.100000e-01	1.180968e+08	1.086724e+05	1.086724e+05
1.100000e-01	1.200000e-01	1.138491e+08	1.067001e+05	1.067001e+05
1.200000e-01	1.300000e-01	1.092591e+08	1.045271e+05	1.045271e+05
1.300000e-01	1.400000e-01	1.045696e+08	1.022593e+05	1.022593e+05
1.400000e-01	1.500000e-01	1.000654e+08	1.000327e+05	1.000327e+05
1.500000e-01	1.600000e-01	9.551650e+07	9.773254e+04	9.773254e+04
1.600000e-01	1.700000e-01	9.096070e+07	9.537332e+04	9.537332e+04
1.700000e-01	1.800000e-01	8.679980e+07	9.316641e+04	9.316641e+04
1.800000e-01	1.900000e-01	8.245450e+07	9.080446e+04	9.080446e+04
1.900000e-01	2.000000e-01	7.863010e+07	8.867362e+04	8.867362e+04
2.000000e-01	2.100000e-01	7.481840e+07	8.649763e+04	8.649763e+04
2.100000e-01	2.200000e-01	7.127900e+07	8.442689e+04	8.442689e+04
2.200000e-01	2.300000e-01	6.789640e+07	8.239927e+04	8.239927e+04
2.300000e-01	2.400000e-01	6.454220e+07	8.033816e+04	8.033816e+04
2.400000e-01	2.500000e-01	6.157740e+07	7.847127e+04	7.847127e+04
2.500000e-01	2.600000e-01	5.872000e+07	7.662898e+04	7.662898e+04
2.600000e-01	2.700000e-01	5.591200e+07	7.477433e+04	7.477433e+04
2.700000e-01	2.800000e-01	5.338430e+07	7.306456e+04	7.306456e+04
2.800000e-01	2.900000e-01	5.110670e+07	7.148895e+04	7.148895e+04
2.900000e-01	3.000000e-01	4.888430e+07	6.991731e+04	6.991731e+04
3.000000e-01	3.100000e-01	2.000000e+02	1.414214e+02	1.414214e+02
3.100000e-01	3.200000e-01	0.000000e+00	0.000000e+00	0.000000e+00
3.200000e-01	3.300000e-01	0.000000e+00	0.000000e+00	0.000000e+00
3.300000e-01	3.400000e-01	0.000000e+00	0.000000e+00	0.000000e+00
3.400000e-01	3.500000e-01	0.000000e+00	0.000000e+00	0.000000e+00
3.500000e-01	3.600000e-01	0.000000e+00	0.000000e+00	0.000000e+00
3.600000e-01	3.700000e-01	0.000000e+00	0.000000e+00	0.000000e+00
3.700000e-01	3.800000e-01	0.000000e+00	0.000000e+00	0.000000e+00
3.800000e-01	3.900000e-01	0.000000e+00	0.000000e+00	0.000000e+00
3.900000e-01	4.000000e-01	0.000000e+00	0.000000e+00	0.000000e+00
4.000000e-01	4.100000e-01	0.000000e+00	0.000000e+00	0.000000e+00
4.100000e-01	4.200000e-01	0.000000e+00	0.000000e+00	0.000000e+00
4.200000e-01	4.300000e-01	0.000000e+00	0.000000e+00	0.000000e+00
4.300000e-01	4.400000e-01	0.000000e+00	0.000000e+00	0.000000e+00
4.400000e-01	4.500000e-01	0.000000e+00	0.000000e+00	0.000000e+00
4.500000e-01	4.600000e-01	0.000000e+00	0.000000e+00	0.000000e+00
4.600000e-01	4.700000e-01	0.000000e+00	0.000000e+00	0.000000e+00
4.700000e-01	4.800000e-01	0.000000e+00	0.000000e+00	0.000000e+00
4.800000e-01	4.900000e-01	0.000000e+00	0.000000e+00	0.000000e+00
4.900000e-01	5.000000e-01	0.000000e+00	0.000000e+00	0.000000e+00
5.000000e-01	5.100000e-01	0.000000e+00	0.000000e+00	0.000000e+00
5.100000e-01	5.200000e-01	0.000000e+00	0.000000e+00	0.000000e+00
5.200000e-01	5.300000e-01	0.000000e+00	0.000000e+00	0.000000e+00
5.300000e-01	5.400000e-01	0.000000e+00	0.000000e+00	0.000000e+00
5.400000e-01	5.500000e-01	0.000000e+00	0.000000e+00	0.000000e+00
5.500000e-01	5.600000e-01	0.000000e+00	0.000000e+00	0.000000e+00
5.600000e-01	5.700000e-01	0.000000e+00	0.000000e+00	0.000000e+00
5.700000e-01	5.800000e-01	0.000000e+00	0.000000e+00	0.000000e+00
5.800000e-01	5.900000e-01	0.000000e+00	0.000000e+00	0.000000e+00
5.900000e-01	6.000000e-01	0.000000e+00	0.000000e+00	0.000000e+00
6.000000e-01	6.100000e-01	0.000000e+00	0.000000e+00	0.000000e+00
6.100000e-01	6.200000e-01	0.000000e+00	0.000000e+00	0.000000e+00
6.200000e-01	6.300000e-01	0.000000e+00	0.000000e+00	0.000000e+00
6.300000e-01	6.400000e-01	0.000000e+00	0.000000e+00	0.000000e+00
6.400000e-01	6.500000e-01	0.000000e+00	0.000000e+00	0.000000e+00
6.500000e-01	6.600000e-01	0.000000e+00	0.000000e+00	0.000000e+00
6.600000e-01	6.700000e-01	0.000000e+00	0.000000e+00	0.000000e+00
6.700000e-01	6.800000e-01	0.000000e+00	0.000000e+00	0.000000e+00
6.800000e-01	6.900000e-01	0.000000e+00	0.000000e+00	0.000000e+00
6.900000e-01	7.000000e-01	0.000000e+00	0.000000e+00	0.000000e+00
# END HISTOGRAM

