# BEGIN PLOT
DrawOnly=/nfs/dust/cms/user/shwillia/BTV/Apr15/MC_Pythia6_QCD_Pt-50to80_MuEnrichedPt5_TuneZ2star_13TeV/BTAG_JET_TRACK_SEL.yoda/BTAG_JET_TRACK_SEL/H_ChargedParticleJetDr_AllJets /nfs/dust/cms/user/shwillia/BTV/Apr15/MC_Pythia8_QCD_Pt-50to80_MuEnrichedPt5_Tune4C_13TeV/BTAG_JET_TRACK_SEL.yoda/BTAG_JET_TRACK_SEL/H_ChargedParticleJetDr_AllJets /nfs/dust/cms/user/shwillia/BTV/Apr15/MC_Pythia8_QCD_Pt-50to80_MuEnrichedPt5_PionKaonDecay_Tune4C_13TeV/BTAG_JET_TRACK_SEL.yoda/BTAG_JET_TRACK_SEL/H_ChargedParticleJetDr_AllJets
RatioPlotReference=/nfs/dust/cms/user/shwillia/BTV/Apr15/MC_Pythia6_QCD_Pt-50to80_MuEnrichedPt5_TuneZ2star_13TeV/BTAG_JET_TRACK_SEL.yoda/BTAG_JET_TRACK_SEL/H_ChargedParticleJetDr_AllJets
RatioPlot=1
Legend=1
XLabel=$\Delta R(CP,Jet)$
YLabel=Normalized to Unity
LogY=1
NormalizeToSum=1
# END PLOT

# BEGIN HISTOGRAM /nfs/dust/cms/user/shwillia/BTV/Apr15/MC_Pythia6_QCD_Pt-50to80_MuEnrichedPt5_TuneZ2star_13TeV/BTAG_JET_TRACK_SEL.yoda/BTAG_JET_TRACK_SEL/H_ChargedParticleJetDr_AllJets
LineColor={[HTML]{EE3311}}
LineStyle=solid
Path=/nfs/dust/cms/user/shwillia/BTV/Apr15/MC_Pythia6_QCD_Pt-50to80_MuEnrichedPt5_TuneZ2star_13TeV/BTAG_JET_TRACK_SEL.yoda/BTAG_JET_TRACK_SEL/H_ChargedParticleJetDr_AllJets
Rebin=2
Title=BTAG_JET_TRACK_SEL
XLabel=
YLabel=
# xlow	 xhigh	 val	 errminus	 errplus
0.000000e+00	1.000000e-02	5.708500e+06	2.389247e+04	2.389247e+04
1.000000e-02	2.000000e-02	1.570970e+07	3.963546e+04	3.963546e+04
2.000000e-02	3.000000e-02	2.248080e+07	4.741392e+04	4.741392e+04
3.000000e-02	4.000000e-02	2.658660e+07	5.156220e+04	5.156220e+04
4.000000e-02	5.000000e-02	2.875660e+07	5.362518e+04	5.362518e+04
5.000000e-02	6.000000e-02	2.947740e+07	5.429309e+04	5.429309e+04
6.000000e-02	7.000000e-02	2.959060e+07	5.439724e+04	5.439724e+04
7.000000e-02	8.000000e-02	2.890580e+07	5.376411e+04	5.376411e+04
8.000000e-02	9.000000e-02	2.800130e+07	5.291625e+04	5.291625e+04
9.000000e-02	1.000000e-01	2.694370e+07	5.190732e+04	5.190732e+04
1.000000e-01	1.100000e-01	2.585280e+07	5.084565e+04	5.084565e+04
1.100000e-01	1.200000e-01	2.452840e+07	4.952615e+04	4.952615e+04
1.200000e-01	1.300000e-01	2.334130e+07	4.831283e+04	4.831283e+04
1.300000e-01	1.400000e-01	2.210950e+07	4.702074e+04	4.702074e+04
1.400000e-01	1.500000e-01	2.092820e+07	4.574735e+04	4.574735e+04
1.500000e-01	1.600000e-01	1.980450e+07	4.450225e+04	4.450225e+04
1.600000e-01	1.700000e-01	1.879640e+07	4.335482e+04	4.335482e+04
1.700000e-01	1.800000e-01	1.777390e+07	4.215910e+04	4.215910e+04
1.800000e-01	1.900000e-01	1.680680e+07	4.099610e+04	4.099610e+04
1.900000e-01	2.000000e-01	1.588430e+07	3.985511e+04	3.985511e+04
2.000000e-01	2.100000e-01	1.504160e+07	3.878350e+04	3.878350e+04
2.100000e-01	2.200000e-01	1.422990e+07	3.772254e+04	3.772254e+04
2.200000e-01	2.300000e-01	1.349350e+07	3.673350e+04	3.673350e+04
2.300000e-01	2.400000e-01	1.278710e+07	3.575905e+04	3.575905e+04
2.400000e-01	2.500000e-01	1.211780e+07	3.481063e+04	3.481063e+04
2.500000e-01	2.600000e-01	1.155780e+07	3.399676e+04	3.399676e+04
2.600000e-01	2.700000e-01	1.099300e+07	3.315569e+04	3.315569e+04
2.700000e-01	2.800000e-01	1.044070e+07	3.231207e+04	3.231207e+04
2.800000e-01	2.900000e-01	9.939900e+06	3.152761e+04	3.152761e+04
2.900000e-01	3.000000e-01	9.498400e+06	3.081947e+04	3.081947e+04
3.000000e-01	3.100000e-01	0.000000e+00	0.000000e+00	0.000000e+00
3.100000e-01	3.200000e-01	0.000000e+00	0.000000e+00	0.000000e+00
3.200000e-01	3.300000e-01	0.000000e+00	0.000000e+00	0.000000e+00
3.300000e-01	3.400000e-01	0.000000e+00	0.000000e+00	0.000000e+00
3.400000e-01	3.500000e-01	0.000000e+00	0.000000e+00	0.000000e+00
3.500000e-01	3.600000e-01	0.000000e+00	0.000000e+00	0.000000e+00
3.600000e-01	3.700000e-01	0.000000e+00	0.000000e+00	0.000000e+00
3.700000e-01	3.800000e-01	0.000000e+00	0.000000e+00	0.000000e+00
3.800000e-01	3.900000e-01	0.000000e+00	0.000000e+00	0.000000e+00
3.900000e-01	4.000000e-01	0.000000e+00	0.000000e+00	0.000000e+00
4.000000e-01	4.100000e-01	0.000000e+00	0.000000e+00	0.000000e+00
4.100000e-01	4.200000e-01	0.000000e+00	0.000000e+00	0.000000e+00
4.200000e-01	4.300000e-01	0.000000e+00	0.000000e+00	0.000000e+00
4.300000e-01	4.400000e-01	0.000000e+00	0.000000e+00	0.000000e+00
4.400000e-01	4.500000e-01	0.000000e+00	0.000000e+00	0.000000e+00
4.500000e-01	4.600000e-01	0.000000e+00	0.000000e+00	0.000000e+00
4.600000e-01	4.700000e-01	0.000000e+00	0.000000e+00	0.000000e+00
4.700000e-01	4.800000e-01	0.000000e+00	0.000000e+00	0.000000e+00
4.800000e-01	4.900000e-01	0.000000e+00	0.000000e+00	0.000000e+00
4.900000e-01	5.000000e-01	0.000000e+00	0.000000e+00	0.000000e+00
5.000000e-01	5.100000e-01	0.000000e+00	0.000000e+00	0.000000e+00
5.100000e-01	5.200000e-01	0.000000e+00	0.000000e+00	0.000000e+00
5.200000e-01	5.300000e-01	0.000000e+00	0.000000e+00	0.000000e+00
5.300000e-01	5.400000e-01	0.000000e+00	0.000000e+00	0.000000e+00
5.400000e-01	5.500000e-01	0.000000e+00	0.000000e+00	0.000000e+00
5.500000e-01	5.600000e-01	0.000000e+00	0.000000e+00	0.000000e+00
5.600000e-01	5.700000e-01	0.000000e+00	0.000000e+00	0.000000e+00
5.700000e-01	5.800000e-01	0.000000e+00	0.000000e+00	0.000000e+00
5.800000e-01	5.900000e-01	0.000000e+00	0.000000e+00	0.000000e+00
5.900000e-01	6.000000e-01	0.000000e+00	0.000000e+00	0.000000e+00
6.000000e-01	6.100000e-01	0.000000e+00	0.000000e+00	0.000000e+00
6.100000e-01	6.200000e-01	0.000000e+00	0.000000e+00	0.000000e+00
6.200000e-01	6.300000e-01	0.000000e+00	0.000000e+00	0.000000e+00
6.300000e-01	6.400000e-01	0.000000e+00	0.000000e+00	0.000000e+00
6.400000e-01	6.500000e-01	0.000000e+00	0.000000e+00	0.000000e+00
6.500000e-01	6.600000e-01	0.000000e+00	0.000000e+00	0.000000e+00
6.600000e-01	6.700000e-01	0.000000e+00	0.000000e+00	0.000000e+00
6.700000e-01	6.800000e-01	0.000000e+00	0.000000e+00	0.000000e+00
6.800000e-01	6.900000e-01	0.000000e+00	0.000000e+00	0.000000e+00
6.900000e-01	7.000000e-01	0.000000e+00	0.000000e+00	0.000000e+00
# END HISTOGRAM

# BEGIN HISTOGRAM /nfs/dust/cms/user/shwillia/BTV/Apr15/MC_Pythia8_QCD_Pt-50to80_MuEnrichedPt5_Tune4C_13TeV/BTAG_JET_TRACK_SEL.yoda/BTAG_JET_TRACK_SEL/H_ChargedParticleJetDr_AllJets
LineColor={[HTML]{3366FF}}
LineStyle=solid
Path=/nfs/dust/cms/user/shwillia/BTV/Apr15/MC_Pythia8_QCD_Pt-50to80_MuEnrichedPt5_Tune4C_13TeV/BTAG_JET_TRACK_SEL.yoda/BTAG_JET_TRACK_SEL/H_ChargedParticleJetDr_AllJets
Rebin=2
Title=BTAG_JET_TRACK_SEL
XLabel=
YLabel=
# xlow	 xhigh	 val	 errminus	 errplus
0.000000e+00	1.000000e-02	1.702000e+07	4.125530e+04	4.125530e+04
1.000000e-02	2.000000e-02	4.761890e+07	6.900645e+04	6.900645e+04
2.000000e-02	3.000000e-02	6.905040e+07	8.309657e+04	8.309657e+04
3.000000e-02	4.000000e-02	8.204570e+07	9.057908e+04	9.057908e+04
4.000000e-02	5.000000e-02	8.905010e+07	9.436636e+04	9.436636e+04
5.000000e-02	6.000000e-02	9.206800e+07	9.595207e+04	9.595207e+04
6.000000e-02	7.000000e-02	9.204950e+07	9.594243e+04	9.594243e+04
7.000000e-02	8.000000e-02	9.039840e+07	9.507807e+04	9.507807e+04
8.000000e-02	9.000000e-02	8.770950e+07	9.365335e+04	9.365335e+04
9.000000e-02	1.000000e-01	8.439060e+07	9.186436e+04	9.186436e+04
1.000000e-01	1.100000e-01	8.067560e+07	8.981960e+04	8.981960e+04
1.100000e-01	1.200000e-01	7.674030e+07	8.760154e+04	8.760154e+04
1.200000e-01	1.300000e-01	7.289900e+07	8.538091e+04	8.538091e+04
1.300000e-01	1.400000e-01	6.936110e+07	8.328331e+04	8.328331e+04
1.400000e-01	1.500000e-01	6.575480e+07	8.108933e+04	8.108933e+04
1.500000e-01	1.600000e-01	6.224080e+07	7.889284e+04	7.889284e+04
1.600000e-01	1.700000e-01	5.895070e+07	7.677936e+04	7.677936e+04
1.700000e-01	1.800000e-01	5.591070e+07	7.477346e+04	7.477346e+04
1.800000e-01	1.900000e-01	5.283190e+07	7.268556e+04	7.268556e+04
1.900000e-01	2.000000e-01	5.020770e+07	7.085739e+04	7.085739e+04
2.000000e-01	2.100000e-01	4.750740e+07	6.892561e+04	6.892561e+04
2.100000e-01	2.200000e-01	4.520370e+07	6.723370e+04	6.723370e+04
2.200000e-01	2.300000e-01	4.278500e+07	6.541024e+04	6.541024e+04
2.300000e-01	2.400000e-01	4.066090e+07	6.376590e+04	6.376590e+04
2.400000e-01	2.500000e-01	3.868110e+07	6.219413e+04	6.219413e+04
2.500000e-01	2.600000e-01	3.674910e+07	6.062104e+04	6.062104e+04
2.600000e-01	2.700000e-01	3.516740e+07	5.930211e+04	5.930211e+04
2.700000e-01	2.800000e-01	3.347820e+07	5.786035e+04	5.786035e+04
2.800000e-01	2.900000e-01	3.192900e+07	5.650575e+04	5.650575e+04
2.900000e-01	3.000000e-01	3.048400e+07	5.521232e+04	5.521232e+04
3.000000e-01	3.100000e-01	0.000000e+00	0.000000e+00	0.000000e+00
3.100000e-01	3.200000e-01	0.000000e+00	0.000000e+00	0.000000e+00
3.200000e-01	3.300000e-01	0.000000e+00	0.000000e+00	0.000000e+00
3.300000e-01	3.400000e-01	0.000000e+00	0.000000e+00	0.000000e+00
3.400000e-01	3.500000e-01	0.000000e+00	0.000000e+00	0.000000e+00
3.500000e-01	3.600000e-01	0.000000e+00	0.000000e+00	0.000000e+00
3.600000e-01	3.700000e-01	0.000000e+00	0.000000e+00	0.000000e+00
3.700000e-01	3.800000e-01	0.000000e+00	0.000000e+00	0.000000e+00
3.800000e-01	3.900000e-01	0.000000e+00	0.000000e+00	0.000000e+00
3.900000e-01	4.000000e-01	0.000000e+00	0.000000e+00	0.000000e+00
4.000000e-01	4.100000e-01	0.000000e+00	0.000000e+00	0.000000e+00
4.100000e-01	4.200000e-01	0.000000e+00	0.000000e+00	0.000000e+00
4.200000e-01	4.300000e-01	0.000000e+00	0.000000e+00	0.000000e+00
4.300000e-01	4.400000e-01	0.000000e+00	0.000000e+00	0.000000e+00
4.400000e-01	4.500000e-01	0.000000e+00	0.000000e+00	0.000000e+00
4.500000e-01	4.600000e-01	0.000000e+00	0.000000e+00	0.000000e+00
4.600000e-01	4.700000e-01	0.000000e+00	0.000000e+00	0.000000e+00
4.700000e-01	4.800000e-01	0.000000e+00	0.000000e+00	0.000000e+00
4.800000e-01	4.900000e-01	0.000000e+00	0.000000e+00	0.000000e+00
4.900000e-01	5.000000e-01	0.000000e+00	0.000000e+00	0.000000e+00
5.000000e-01	5.100000e-01	0.000000e+00	0.000000e+00	0.000000e+00
5.100000e-01	5.200000e-01	0.000000e+00	0.000000e+00	0.000000e+00
5.200000e-01	5.300000e-01	0.000000e+00	0.000000e+00	0.000000e+00
5.300000e-01	5.400000e-01	0.000000e+00	0.000000e+00	0.000000e+00
5.400000e-01	5.500000e-01	0.000000e+00	0.000000e+00	0.000000e+00
5.500000e-01	5.600000e-01	0.000000e+00	0.000000e+00	0.000000e+00
5.600000e-01	5.700000e-01	0.000000e+00	0.000000e+00	0.000000e+00
5.700000e-01	5.800000e-01	0.000000e+00	0.000000e+00	0.000000e+00
5.800000e-01	5.900000e-01	0.000000e+00	0.000000e+00	0.000000e+00
5.900000e-01	6.000000e-01	0.000000e+00	0.000000e+00	0.000000e+00
6.000000e-01	6.100000e-01	0.000000e+00	0.000000e+00	0.000000e+00
6.100000e-01	6.200000e-01	0.000000e+00	0.000000e+00	0.000000e+00
6.200000e-01	6.300000e-01	0.000000e+00	0.000000e+00	0.000000e+00
6.300000e-01	6.400000e-01	0.000000e+00	0.000000e+00	0.000000e+00
6.400000e-01	6.500000e-01	0.000000e+00	0.000000e+00	0.000000e+00
6.500000e-01	6.600000e-01	0.000000e+00	0.000000e+00	0.000000e+00
6.600000e-01	6.700000e-01	0.000000e+00	0.000000e+00	0.000000e+00
6.700000e-01	6.800000e-01	0.000000e+00	0.000000e+00	0.000000e+00
6.800000e-01	6.900000e-01	0.000000e+00	0.000000e+00	0.000000e+00
6.900000e-01	7.000000e-01	0.000000e+00	0.000000e+00	0.000000e+00
# END HISTOGRAM

# BEGIN HISTOGRAM /nfs/dust/cms/user/shwillia/BTV/Apr15/MC_Pythia8_QCD_Pt-50to80_MuEnrichedPt5_PionKaonDecay_Tune4C_13TeV/BTAG_JET_TRACK_SEL.yoda/BTAG_JET_TRACK_SEL/H_ChargedParticleJetDr_AllJets
LineColor={[HTML]{109618}}
LineStyle=solid
Path=/nfs/dust/cms/user/shwillia/BTV/Apr15/MC_Pythia8_QCD_Pt-50to80_MuEnrichedPt5_PionKaonDecay_Tune4C_13TeV/BTAG_JET_TRACK_SEL.yoda/BTAG_JET_TRACK_SEL/H_ChargedParticleJetDr_AllJets
Rebin=2
Title=BTAG_JET_TRACK_SEL
XLabel=
YLabel=
# xlow	 xhigh	 val	 errminus	 errplus
0.000000e+00	1.000000e-02	3.845760e+07	6.201419e+04	6.201419e+04
1.000000e-02	2.000000e-02	1.067717e+08	1.033304e+05	1.033304e+05
2.000000e-02	3.000000e-02	1.542053e+08	1.241794e+05	1.241794e+05
3.000000e-02	4.000000e-02	1.830356e+08	1.352907e+05	1.352907e+05
4.000000e-02	5.000000e-02	1.989908e+08	1.410641e+05	1.410641e+05
5.000000e-02	6.000000e-02	2.056369e+08	1.434005e+05	1.434005e+05
6.000000e-02	7.000000e-02	2.066686e+08	1.437597e+05	1.437597e+05
7.000000e-02	8.000000e-02	2.034823e+08	1.426472e+05	1.426472e+05
8.000000e-02	9.000000e-02	1.978173e+08	1.406475e+05	1.406475e+05
9.000000e-02	1.000000e-01	1.909674e+08	1.381910e+05	1.381910e+05
1.000000e-01	1.100000e-01	1.830295e+08	1.352884e+05	1.352884e+05
1.100000e-01	1.200000e-01	1.750158e+08	1.322935e+05	1.322935e+05
1.200000e-01	1.300000e-01	1.666203e+08	1.290815e+05	1.290815e+05
1.300000e-01	1.400000e-01	1.582783e+08	1.258087e+05	1.258087e+05
1.400000e-01	1.500000e-01	1.507727e+08	1.227895e+05	1.227895e+05
1.500000e-01	1.600000e-01	1.430307e+08	1.195954e+05	1.195954e+05
1.600000e-01	1.700000e-01	1.356583e+08	1.164724e+05	1.164724e+05
1.700000e-01	1.800000e-01	1.289054e+08	1.135365e+05	1.135365e+05
1.800000e-01	1.900000e-01	1.220560e+08	1.104790e+05	1.104790e+05
1.900000e-01	2.000000e-01	1.158127e+08	1.076163e+05	1.076163e+05
2.000000e-01	2.100000e-01	1.099307e+08	1.048478e+05	1.048478e+05
2.100000e-01	2.200000e-01	1.044819e+08	1.022164e+05	1.022164e+05
2.200000e-01	2.300000e-01	9.921120e+07	9.960482e+04	9.960482e+04
2.300000e-01	2.400000e-01	9.407930e+07	9.699448e+04	9.699448e+04
2.400000e-01	2.500000e-01	8.949560e+07	9.460211e+04	9.460211e+04
2.500000e-01	2.600000e-01	8.528950e+07	9.235231e+04	9.235231e+04
2.600000e-01	2.700000e-01	8.109400e+07	9.005221e+04	9.005221e+04
2.700000e-01	2.800000e-01	7.736970e+07	8.796005e+04	8.796005e+04
2.800000e-01	2.900000e-01	7.382760e+07	8.592299e+04	8.592299e+04
2.900000e-01	3.000000e-01	7.051800e+07	8.397500e+04	8.397500e+04
3.000000e-01	3.100000e-01	2.000000e+02	1.414214e+02	1.414214e+02
3.100000e-01	3.200000e-01	0.000000e+00	0.000000e+00	0.000000e+00
3.200000e-01	3.300000e-01	0.000000e+00	0.000000e+00	0.000000e+00
3.300000e-01	3.400000e-01	0.000000e+00	0.000000e+00	0.000000e+00
3.400000e-01	3.500000e-01	0.000000e+00	0.000000e+00	0.000000e+00
3.500000e-01	3.600000e-01	0.000000e+00	0.000000e+00	0.000000e+00
3.600000e-01	3.700000e-01	0.000000e+00	0.000000e+00	0.000000e+00
3.700000e-01	3.800000e-01	0.000000e+00	0.000000e+00	0.000000e+00
3.800000e-01	3.900000e-01	0.000000e+00	0.000000e+00	0.000000e+00
3.900000e-01	4.000000e-01	0.000000e+00	0.000000e+00	0.000000e+00
4.000000e-01	4.100000e-01	0.000000e+00	0.000000e+00	0.000000e+00
4.100000e-01	4.200000e-01	0.000000e+00	0.000000e+00	0.000000e+00
4.200000e-01	4.300000e-01	0.000000e+00	0.000000e+00	0.000000e+00
4.300000e-01	4.400000e-01	0.000000e+00	0.000000e+00	0.000000e+00
4.400000e-01	4.500000e-01	0.000000e+00	0.000000e+00	0.000000e+00
4.500000e-01	4.600000e-01	0.000000e+00	0.000000e+00	0.000000e+00
4.600000e-01	4.700000e-01	0.000000e+00	0.000000e+00	0.000000e+00
4.700000e-01	4.800000e-01	0.000000e+00	0.000000e+00	0.000000e+00
4.800000e-01	4.900000e-01	0.000000e+00	0.000000e+00	0.000000e+00
4.900000e-01	5.000000e-01	0.000000e+00	0.000000e+00	0.000000e+00
5.000000e-01	5.100000e-01	0.000000e+00	0.000000e+00	0.000000e+00
5.100000e-01	5.200000e-01	0.000000e+00	0.000000e+00	0.000000e+00
5.200000e-01	5.300000e-01	0.000000e+00	0.000000e+00	0.000000e+00
5.300000e-01	5.400000e-01	0.000000e+00	0.000000e+00	0.000000e+00
5.400000e-01	5.500000e-01	0.000000e+00	0.000000e+00	0.000000e+00
5.500000e-01	5.600000e-01	0.000000e+00	0.000000e+00	0.000000e+00
5.600000e-01	5.700000e-01	0.000000e+00	0.000000e+00	0.000000e+00
5.700000e-01	5.800000e-01	0.000000e+00	0.000000e+00	0.000000e+00
5.800000e-01	5.900000e-01	0.000000e+00	0.000000e+00	0.000000e+00
5.900000e-01	6.000000e-01	0.000000e+00	0.000000e+00	0.000000e+00
6.000000e-01	6.100000e-01	0.000000e+00	0.000000e+00	0.000000e+00
6.100000e-01	6.200000e-01	0.000000e+00	0.000000e+00	0.000000e+00
6.200000e-01	6.300000e-01	0.000000e+00	0.000000e+00	0.000000e+00
6.300000e-01	6.400000e-01	0.000000e+00	0.000000e+00	0.000000e+00
6.400000e-01	6.500000e-01	0.000000e+00	0.000000e+00	0.000000e+00
6.500000e-01	6.600000e-01	0.000000e+00	0.000000e+00	0.000000e+00
6.600000e-01	6.700000e-01	0.000000e+00	0.000000e+00	0.000000e+00
6.700000e-01	6.800000e-01	0.000000e+00	0.000000e+00	0.000000e+00
6.800000e-01	6.900000e-01	0.000000e+00	0.000000e+00	0.000000e+00
6.900000e-01	7.000000e-01	0.000000e+00	0.000000e+00	0.000000e+00
# END HISTOGRAM

