# BEGIN PLOT
DrawOnly=/nfs/dust/cms/user/shwillia/BTV/Apr15/MC_Pythia6_QCD_Pt-50to80_MuEnrichedPt5_TuneZ2star_13TeV/BTAG_JET_TRACK_SEL.yoda/BTAG_JET_TRACK_SEL/H_ChargedParticleJetDr_BottomJets /nfs/dust/cms/user/shwillia/BTV/Apr15/MC_Pythia8_QCD_Pt-50to80_MuEnrichedPt5_Tune4C_13TeV/BTAG_JET_TRACK_SEL.yoda/BTAG_JET_TRACK_SEL/H_ChargedParticleJetDr_BottomJets /nfs/dust/cms/user/shwillia/BTV/Apr15/MC_Pythia8_QCD_Pt-50to80_MuEnrichedPt5_PionKaonDecay_Tune4C_13TeV/BTAG_JET_TRACK_SEL.yoda/BTAG_JET_TRACK_SEL/H_ChargedParticleJetDr_BottomJets
RatioPlotReference=/nfs/dust/cms/user/shwillia/BTV/Apr15/MC_Pythia6_QCD_Pt-50to80_MuEnrichedPt5_TuneZ2star_13TeV/BTAG_JET_TRACK_SEL.yoda/BTAG_JET_TRACK_SEL/H_ChargedParticleJetDr_BottomJets
RatioPlot=1
Legend=1
XLabel=$\Delta R(CP,Jet)$
YLabel=Normalized to Unity
LogY=1
NormalizeToSum=1
# END PLOT

# BEGIN HISTOGRAM /nfs/dust/cms/user/shwillia/BTV/Apr15/MC_Pythia6_QCD_Pt-50to80_MuEnrichedPt5_TuneZ2star_13TeV/BTAG_JET_TRACK_SEL.yoda/BTAG_JET_TRACK_SEL/H_ChargedParticleJetDr_BottomJets
LineColor={[HTML]{EE3311}}
LineStyle=solid
Path=/nfs/dust/cms/user/shwillia/BTV/Apr15/MC_Pythia6_QCD_Pt-50to80_MuEnrichedPt5_TuneZ2star_13TeV/BTAG_JET_TRACK_SEL.yoda/BTAG_JET_TRACK_SEL/H_ChargedParticleJetDr_BottomJets
Rebin=2
Title=BTAG_JET_TRACK_SEL
XLabel=
YLabel=
# xlow	 xhigh	 val	 errminus	 errplus
0.000000e+00	1.000000e-02	7.783000e+05	8.822131e+03	8.822131e+03
1.000000e-02	2.000000e-02	2.446400e+06	1.564097e+04	1.564097e+04
2.000000e-02	3.000000e-02	3.792200e+06	1.947357e+04	1.947357e+04
3.000000e-02	4.000000e-02	4.818600e+06	2.195131e+04	2.195131e+04
4.000000e-02	5.000000e-02	5.473800e+06	2.339615e+04	2.339615e+04
5.000000e-02	6.000000e-02	5.726700e+06	2.393052e+04	2.393052e+04
6.000000e-02	7.000000e-02	5.879600e+06	2.424789e+04	2.424789e+04
7.000000e-02	8.000000e-02	5.811200e+06	2.410643e+04	2.410643e+04
8.000000e-02	9.000000e-02	5.590200e+06	2.364360e+04	2.364360e+04
9.000000e-02	1.000000e-01	5.445400e+06	2.333538e+04	2.333538e+04
1.000000e-01	1.100000e-01	5.144600e+06	2.268171e+04	2.268171e+04
1.100000e-01	1.200000e-01	4.833300e+06	2.198477e+04	2.198477e+04
1.200000e-01	1.300000e-01	4.532800e+06	2.129037e+04	2.129037e+04
1.300000e-01	1.400000e-01	4.240800e+06	2.059320e+04	2.059320e+04
1.400000e-01	1.500000e-01	3.979400e+06	1.994843e+04	1.994843e+04
1.500000e-01	1.600000e-01	3.733800e+06	1.932304e+04	1.932304e+04
1.600000e-01	1.700000e-01	3.493900e+06	1.869198e+04	1.869198e+04
1.700000e-01	1.800000e-01	3.242400e+06	1.800667e+04	1.800667e+04
1.800000e-01	1.900000e-01	3.047700e+06	1.745766e+04	1.745766e+04
1.900000e-01	2.000000e-01	2.877500e+06	1.696320e+04	1.696320e+04
2.000000e-01	2.100000e-01	2.648600e+06	1.627452e+04	1.627452e+04
2.100000e-01	2.200000e-01	2.474400e+06	1.573023e+04	1.573023e+04
2.200000e-01	2.300000e-01	2.306600e+06	1.518749e+04	1.518749e+04
2.300000e-01	2.400000e-01	2.148000e+06	1.465606e+04	1.465606e+04
2.400000e-01	2.500000e-01	2.046000e+06	1.430385e+04	1.430385e+04
2.500000e-01	2.600000e-01	1.934500e+06	1.390863e+04	1.390863e+04
2.600000e-01	2.700000e-01	1.837200e+06	1.355434e+04	1.355434e+04
2.700000e-01	2.800000e-01	1.690200e+06	1.300077e+04	1.300077e+04
2.800000e-01	2.900000e-01	1.602000e+06	1.265701e+04	1.265701e+04
2.900000e-01	3.000000e-01	1.522100e+06	1.233734e+04	1.233734e+04
3.000000e-01	3.100000e-01	0.000000e+00	0.000000e+00	0.000000e+00
3.100000e-01	3.200000e-01	0.000000e+00	0.000000e+00	0.000000e+00
3.200000e-01	3.300000e-01	0.000000e+00	0.000000e+00	0.000000e+00
3.300000e-01	3.400000e-01	0.000000e+00	0.000000e+00	0.000000e+00
3.400000e-01	3.500000e-01	0.000000e+00	0.000000e+00	0.000000e+00
3.500000e-01	3.600000e-01	0.000000e+00	0.000000e+00	0.000000e+00
3.600000e-01	3.700000e-01	0.000000e+00	0.000000e+00	0.000000e+00
3.700000e-01	3.800000e-01	0.000000e+00	0.000000e+00	0.000000e+00
3.800000e-01	3.900000e-01	0.000000e+00	0.000000e+00	0.000000e+00
3.900000e-01	4.000000e-01	0.000000e+00	0.000000e+00	0.000000e+00
4.000000e-01	4.100000e-01	0.000000e+00	0.000000e+00	0.000000e+00
4.100000e-01	4.200000e-01	0.000000e+00	0.000000e+00	0.000000e+00
4.200000e-01	4.300000e-01	0.000000e+00	0.000000e+00	0.000000e+00
4.300000e-01	4.400000e-01	0.000000e+00	0.000000e+00	0.000000e+00
4.400000e-01	4.500000e-01	0.000000e+00	0.000000e+00	0.000000e+00
4.500000e-01	4.600000e-01	0.000000e+00	0.000000e+00	0.000000e+00
4.600000e-01	4.700000e-01	0.000000e+00	0.000000e+00	0.000000e+00
4.700000e-01	4.800000e-01	0.000000e+00	0.000000e+00	0.000000e+00
4.800000e-01	4.900000e-01	0.000000e+00	0.000000e+00	0.000000e+00
4.900000e-01	5.000000e-01	0.000000e+00	0.000000e+00	0.000000e+00
5.000000e-01	5.100000e-01	0.000000e+00	0.000000e+00	0.000000e+00
5.100000e-01	5.200000e-01	0.000000e+00	0.000000e+00	0.000000e+00
5.200000e-01	5.300000e-01	0.000000e+00	0.000000e+00	0.000000e+00
5.300000e-01	5.400000e-01	0.000000e+00	0.000000e+00	0.000000e+00
5.400000e-01	5.500000e-01	0.000000e+00	0.000000e+00	0.000000e+00
5.500000e-01	5.600000e-01	0.000000e+00	0.000000e+00	0.000000e+00
5.600000e-01	5.700000e-01	0.000000e+00	0.000000e+00	0.000000e+00
5.700000e-01	5.800000e-01	0.000000e+00	0.000000e+00	0.000000e+00
5.800000e-01	5.900000e-01	0.000000e+00	0.000000e+00	0.000000e+00
5.900000e-01	6.000000e-01	0.000000e+00	0.000000e+00	0.000000e+00
6.000000e-01	6.100000e-01	0.000000e+00	0.000000e+00	0.000000e+00
6.100000e-01	6.200000e-01	0.000000e+00	0.000000e+00	0.000000e+00
6.200000e-01	6.300000e-01	0.000000e+00	0.000000e+00	0.000000e+00
6.300000e-01	6.400000e-01	0.000000e+00	0.000000e+00	0.000000e+00
6.400000e-01	6.500000e-01	0.000000e+00	0.000000e+00	0.000000e+00
6.500000e-01	6.600000e-01	0.000000e+00	0.000000e+00	0.000000e+00
6.600000e-01	6.700000e-01	0.000000e+00	0.000000e+00	0.000000e+00
6.700000e-01	6.800000e-01	0.000000e+00	0.000000e+00	0.000000e+00
6.800000e-01	6.900000e-01	0.000000e+00	0.000000e+00	0.000000e+00
6.900000e-01	7.000000e-01	0.000000e+00	0.000000e+00	0.000000e+00
# END HISTOGRAM

# BEGIN HISTOGRAM /nfs/dust/cms/user/shwillia/BTV/Apr15/MC_Pythia8_QCD_Pt-50to80_MuEnrichedPt5_Tune4C_13TeV/BTAG_JET_TRACK_SEL.yoda/BTAG_JET_TRACK_SEL/H_ChargedParticleJetDr_BottomJets
LineColor={[HTML]{3366FF}}
LineStyle=solid
Path=/nfs/dust/cms/user/shwillia/BTV/Apr15/MC_Pythia8_QCD_Pt-50to80_MuEnrichedPt5_Tune4C_13TeV/BTAG_JET_TRACK_SEL.yoda/BTAG_JET_TRACK_SEL/H_ChargedParticleJetDr_BottomJets
Rebin=2
Title=BTAG_JET_TRACK_SEL
XLabel=
YLabel=
# xlow	 xhigh	 val	 errminus	 errplus
0.000000e+00	1.000000e-02	3.716100e+06	1.927719e+04	1.927719e+04
1.000000e-02	2.000000e-02	1.145160e+07	3.384021e+04	3.384021e+04
2.000000e-02	3.000000e-02	1.775560e+07	4.213739e+04	4.213739e+04
3.000000e-02	4.000000e-02	2.218160e+07	4.709735e+04	4.709735e+04
4.000000e-02	5.000000e-02	2.494480e+07	4.994477e+04	4.994477e+04
5.000000e-02	6.000000e-02	2.641340e+07	5.139397e+04	5.139397e+04
6.000000e-02	7.000000e-02	2.676100e+07	5.173104e+04	5.173104e+04
7.000000e-02	8.000000e-02	2.635040e+07	5.133264e+04	5.133264e+04
8.000000e-02	9.000000e-02	2.554580e+07	5.054285e+04	5.054285e+04
9.000000e-02	1.000000e-01	2.443620e+07	4.943298e+04	4.943298e+04
1.000000e-01	1.100000e-01	2.325670e+07	4.822520e+04	4.822520e+04
1.100000e-01	1.200000e-01	2.192660e+07	4.682585e+04	4.682585e+04
1.200000e-01	1.300000e-01	2.061620e+07	4.540507e+04	4.540507e+04
1.300000e-01	1.400000e-01	1.945350e+07	4.410612e+04	4.410612e+04
1.400000e-01	1.500000e-01	1.818410e+07	4.264282e+04	4.264282e+04
1.500000e-01	1.600000e-01	1.705260e+07	4.129479e+04	4.129479e+04
1.600000e-01	1.700000e-01	1.594230e+07	3.992781e+04	3.992781e+04
1.700000e-01	1.800000e-01	1.491940e+07	3.862564e+04	3.862564e+04
1.800000e-01	1.900000e-01	1.396070e+07	3.736402e+04	3.736402e+04
1.900000e-01	2.000000e-01	1.304920e+07	3.612368e+04	3.612368e+04
2.000000e-01	2.100000e-01	1.225980e+07	3.501400e+04	3.501400e+04
2.100000e-01	2.200000e-01	1.154650e+07	3.398014e+04	3.398014e+04
2.200000e-01	2.300000e-01	1.078720e+07	3.284387e+04	3.284387e+04
2.300000e-01	2.400000e-01	1.021860e+07	3.196655e+04	3.196655e+04
2.400000e-01	2.500000e-01	9.555600e+06	3.091213e+04	3.091213e+04
2.500000e-01	2.600000e-01	9.037000e+06	3.006160e+04	3.006160e+04
2.600000e-01	2.700000e-01	8.599500e+06	2.932490e+04	2.932490e+04
2.700000e-01	2.800000e-01	8.102100e+06	2.846419e+04	2.846419e+04
2.800000e-01	2.900000e-01	7.676100e+06	2.770578e+04	2.770578e+04
2.900000e-01	3.000000e-01	7.299100e+06	2.701685e+04	2.701685e+04
3.000000e-01	3.100000e-01	0.000000e+00	0.000000e+00	0.000000e+00
3.100000e-01	3.200000e-01	0.000000e+00	0.000000e+00	0.000000e+00
3.200000e-01	3.300000e-01	0.000000e+00	0.000000e+00	0.000000e+00
3.300000e-01	3.400000e-01	0.000000e+00	0.000000e+00	0.000000e+00
3.400000e-01	3.500000e-01	0.000000e+00	0.000000e+00	0.000000e+00
3.500000e-01	3.600000e-01	0.000000e+00	0.000000e+00	0.000000e+00
3.600000e-01	3.700000e-01	0.000000e+00	0.000000e+00	0.000000e+00
3.700000e-01	3.800000e-01	0.000000e+00	0.000000e+00	0.000000e+00
3.800000e-01	3.900000e-01	0.000000e+00	0.000000e+00	0.000000e+00
3.900000e-01	4.000000e-01	0.000000e+00	0.000000e+00	0.000000e+00
4.000000e-01	4.100000e-01	0.000000e+00	0.000000e+00	0.000000e+00
4.100000e-01	4.200000e-01	0.000000e+00	0.000000e+00	0.000000e+00
4.200000e-01	4.300000e-01	0.000000e+00	0.000000e+00	0.000000e+00
4.300000e-01	4.400000e-01	0.000000e+00	0.000000e+00	0.000000e+00
4.400000e-01	4.500000e-01	0.000000e+00	0.000000e+00	0.000000e+00
4.500000e-01	4.600000e-01	0.000000e+00	0.000000e+00	0.000000e+00
4.600000e-01	4.700000e-01	0.000000e+00	0.000000e+00	0.000000e+00
4.700000e-01	4.800000e-01	0.000000e+00	0.000000e+00	0.000000e+00
4.800000e-01	4.900000e-01	0.000000e+00	0.000000e+00	0.000000e+00
4.900000e-01	5.000000e-01	0.000000e+00	0.000000e+00	0.000000e+00
5.000000e-01	5.100000e-01	0.000000e+00	0.000000e+00	0.000000e+00
5.100000e-01	5.200000e-01	0.000000e+00	0.000000e+00	0.000000e+00
5.200000e-01	5.300000e-01	0.000000e+00	0.000000e+00	0.000000e+00
5.300000e-01	5.400000e-01	0.000000e+00	0.000000e+00	0.000000e+00
5.400000e-01	5.500000e-01	0.000000e+00	0.000000e+00	0.000000e+00
5.500000e-01	5.600000e-01	0.000000e+00	0.000000e+00	0.000000e+00
5.600000e-01	5.700000e-01	0.000000e+00	0.000000e+00	0.000000e+00
5.700000e-01	5.800000e-01	0.000000e+00	0.000000e+00	0.000000e+00
5.800000e-01	5.900000e-01	0.000000e+00	0.000000e+00	0.000000e+00
5.900000e-01	6.000000e-01	0.000000e+00	0.000000e+00	0.000000e+00
6.000000e-01	6.100000e-01	0.000000e+00	0.000000e+00	0.000000e+00
6.100000e-01	6.200000e-01	0.000000e+00	0.000000e+00	0.000000e+00
6.200000e-01	6.300000e-01	0.000000e+00	0.000000e+00	0.000000e+00
6.300000e-01	6.400000e-01	0.000000e+00	0.000000e+00	0.000000e+00
6.400000e-01	6.500000e-01	0.000000e+00	0.000000e+00	0.000000e+00
6.500000e-01	6.600000e-01	0.000000e+00	0.000000e+00	0.000000e+00
6.600000e-01	6.700000e-01	0.000000e+00	0.000000e+00	0.000000e+00
6.700000e-01	6.800000e-01	0.000000e+00	0.000000e+00	0.000000e+00
6.800000e-01	6.900000e-01	0.000000e+00	0.000000e+00	0.000000e+00
6.900000e-01	7.000000e-01	0.000000e+00	0.000000e+00	0.000000e+00
# END HISTOGRAM

# BEGIN HISTOGRAM /nfs/dust/cms/user/shwillia/BTV/Apr15/MC_Pythia8_QCD_Pt-50to80_MuEnrichedPt5_PionKaonDecay_Tune4C_13TeV/BTAG_JET_TRACK_SEL.yoda/BTAG_JET_TRACK_SEL/H_ChargedParticleJetDr_BottomJets
LineColor={[HTML]{109618}}
LineStyle=solid
Path=/nfs/dust/cms/user/shwillia/BTV/Apr15/MC_Pythia8_QCD_Pt-50to80_MuEnrichedPt5_PionKaonDecay_Tune4C_13TeV/BTAG_JET_TRACK_SEL.yoda/BTAG_JET_TRACK_SEL/H_ChargedParticleJetDr_BottomJets
Rebin=2
Title=BTAG_JET_TRACK_SEL
XLabel=
YLabel=
# xlow	 xhigh	 val	 errminus	 errplus
0.000000e+00	1.000000e-02	5.554500e+06	2.356799e+04	2.356799e+04
1.000000e-02	2.000000e-02	1.711100e+07	4.136544e+04	4.136544e+04
2.000000e-02	3.000000e-02	2.645840e+07	5.143773e+04	5.143773e+04
3.000000e-02	4.000000e-02	3.310390e+07	5.753599e+04	5.753599e+04
4.000000e-02	5.000000e-02	3.709060e+07	6.090205e+04	6.090205e+04
5.000000e-02	6.000000e-02	3.907700e+07	6.251160e+04	6.251160e+04
6.000000e-02	7.000000e-02	3.949240e+07	6.284298e+04	6.284298e+04
7.000000e-02	8.000000e-02	3.897990e+07	6.243389e+04	6.243389e+04
8.000000e-02	9.000000e-02	3.766530e+07	6.137206e+04	6.137206e+04
9.000000e-02	1.000000e-01	3.601770e+07	6.001475e+04	6.001475e+04
1.000000e-01	1.100000e-01	3.415270e+07	5.844031e+04	5.844031e+04
1.100000e-01	1.200000e-01	3.234930e+07	5.687645e+04	5.687645e+04
1.200000e-01	1.300000e-01	3.037110e+07	5.510998e+04	5.510998e+04
1.300000e-01	1.400000e-01	2.829690e+07	5.319483e+04	5.319483e+04
1.400000e-01	1.500000e-01	2.658670e+07	5.156229e+04	5.156229e+04
1.500000e-01	1.600000e-01	2.485600e+07	4.985579e+04	4.985579e+04
1.600000e-01	1.700000e-01	2.321490e+07	4.818184e+04	4.818184e+04
1.700000e-01	1.800000e-01	2.188060e+07	4.677670e+04	4.677670e+04
1.800000e-01	1.900000e-01	2.044710e+07	4.521847e+04	4.521847e+04
1.900000e-01	2.000000e-01	1.903520e+07	4.362935e+04	4.362935e+04
2.000000e-01	2.100000e-01	1.790250e+07	4.231135e+04	4.231135e+04
2.100000e-01	2.200000e-01	1.679050e+07	4.097621e+04	4.097621e+04
2.200000e-01	2.300000e-01	1.567460e+07	3.959116e+04	3.959116e+04
2.300000e-01	2.400000e-01	1.477770e+07	3.844177e+04	3.844177e+04
2.400000e-01	2.500000e-01	1.395490e+07	3.735626e+04	3.735626e+04
2.500000e-01	2.600000e-01	1.315130e+07	3.626472e+04	3.626472e+04
2.600000e-01	2.700000e-01	1.244040e+07	3.527095e+04	3.527095e+04
2.700000e-01	2.800000e-01	1.177550e+07	3.431545e+04	3.431545e+04
2.800000e-01	2.900000e-01	1.111630e+07	3.334112e+04	3.334112e+04
2.900000e-01	3.000000e-01	1.051240e+07	3.242283e+04	3.242283e+04
3.000000e-01	3.100000e-01	0.000000e+00	0.000000e+00	0.000000e+00
3.100000e-01	3.200000e-01	0.000000e+00	0.000000e+00	0.000000e+00
3.200000e-01	3.300000e-01	0.000000e+00	0.000000e+00	0.000000e+00
3.300000e-01	3.400000e-01	0.000000e+00	0.000000e+00	0.000000e+00
3.400000e-01	3.500000e-01	0.000000e+00	0.000000e+00	0.000000e+00
3.500000e-01	3.600000e-01	0.000000e+00	0.000000e+00	0.000000e+00
3.600000e-01	3.700000e-01	0.000000e+00	0.000000e+00	0.000000e+00
3.700000e-01	3.800000e-01	0.000000e+00	0.000000e+00	0.000000e+00
3.800000e-01	3.900000e-01	0.000000e+00	0.000000e+00	0.000000e+00
3.900000e-01	4.000000e-01	0.000000e+00	0.000000e+00	0.000000e+00
4.000000e-01	4.100000e-01	0.000000e+00	0.000000e+00	0.000000e+00
4.100000e-01	4.200000e-01	0.000000e+00	0.000000e+00	0.000000e+00
4.200000e-01	4.300000e-01	0.000000e+00	0.000000e+00	0.000000e+00
4.300000e-01	4.400000e-01	0.000000e+00	0.000000e+00	0.000000e+00
4.400000e-01	4.500000e-01	0.000000e+00	0.000000e+00	0.000000e+00
4.500000e-01	4.600000e-01	0.000000e+00	0.000000e+00	0.000000e+00
4.600000e-01	4.700000e-01	0.000000e+00	0.000000e+00	0.000000e+00
4.700000e-01	4.800000e-01	0.000000e+00	0.000000e+00	0.000000e+00
4.800000e-01	4.900000e-01	0.000000e+00	0.000000e+00	0.000000e+00
4.900000e-01	5.000000e-01	0.000000e+00	0.000000e+00	0.000000e+00
5.000000e-01	5.100000e-01	0.000000e+00	0.000000e+00	0.000000e+00
5.100000e-01	5.200000e-01	0.000000e+00	0.000000e+00	0.000000e+00
5.200000e-01	5.300000e-01	0.000000e+00	0.000000e+00	0.000000e+00
5.300000e-01	5.400000e-01	0.000000e+00	0.000000e+00	0.000000e+00
5.400000e-01	5.500000e-01	0.000000e+00	0.000000e+00	0.000000e+00
5.500000e-01	5.600000e-01	0.000000e+00	0.000000e+00	0.000000e+00
5.600000e-01	5.700000e-01	0.000000e+00	0.000000e+00	0.000000e+00
5.700000e-01	5.800000e-01	0.000000e+00	0.000000e+00	0.000000e+00
5.800000e-01	5.900000e-01	0.000000e+00	0.000000e+00	0.000000e+00
5.900000e-01	6.000000e-01	0.000000e+00	0.000000e+00	0.000000e+00
6.000000e-01	6.100000e-01	0.000000e+00	0.000000e+00	0.000000e+00
6.100000e-01	6.200000e-01	0.000000e+00	0.000000e+00	0.000000e+00
6.200000e-01	6.300000e-01	0.000000e+00	0.000000e+00	0.000000e+00
6.300000e-01	6.400000e-01	0.000000e+00	0.000000e+00	0.000000e+00
6.400000e-01	6.500000e-01	0.000000e+00	0.000000e+00	0.000000e+00
6.500000e-01	6.600000e-01	0.000000e+00	0.000000e+00	0.000000e+00
6.600000e-01	6.700000e-01	0.000000e+00	0.000000e+00	0.000000e+00
6.700000e-01	6.800000e-01	0.000000e+00	0.000000e+00	0.000000e+00
6.800000e-01	6.900000e-01	0.000000e+00	0.000000e+00	0.000000e+00
6.900000e-01	7.000000e-01	0.000000e+00	0.000000e+00	0.000000e+00
# END HISTOGRAM

