# BEGIN PLOT
DrawOnly=/nfs/dust/cms/user/shwillia/BTV/Apr15/MC_Pythia6_QCD_Pt-50to80_MuEnrichedPt5_TuneZ2star_13TeV/BTAG_JET_TRACK_SEL.yoda/BTAG_JET_TRACK_SEL/J_ChargedParticlePVDxy_LightJets /nfs/dust/cms/user/shwillia/BTV/Apr15/MC_Pythia8_QCD_Pt-50to80_MuEnrichedPt5_Tune4C_13TeV/BTAG_JET_TRACK_SEL.yoda/BTAG_JET_TRACK_SEL/J_ChargedParticlePVDxy_LightJets /nfs/dust/cms/user/shwillia/BTV/Apr15/MC_Pythia8_QCD_Pt-50to80_MuEnrichedPt5_PionKaonDecay_Tune4C_13TeV/BTAG_JET_TRACK_SEL.yoda/BTAG_JET_TRACK_SEL/J_ChargedParticlePVDxy_LightJets
RatioPlotReference=/nfs/dust/cms/user/shwillia/BTV/Apr15/MC_Pythia6_QCD_Pt-50to80_MuEnrichedPt5_TuneZ2star_13TeV/BTAG_JET_TRACK_SEL.yoda/BTAG_JET_TRACK_SEL/J_ChargedParticlePVDxy_LightJets
RatioPlot=1
Legend=1
XLabel=$d_{xy}(CP,PV)$
YLabel=Normalized to Unity
LogY=1
NormalizeToSum=1
# END PLOT

# BEGIN HISTOGRAM /nfs/dust/cms/user/shwillia/BTV/Apr15/MC_Pythia6_QCD_Pt-50to80_MuEnrichedPt5_TuneZ2star_13TeV/BTAG_JET_TRACK_SEL.yoda/BTAG_JET_TRACK_SEL/J_ChargedParticlePVDxy_LightJets
LineColor={[HTML]{EE3311}}
LineStyle=solid
Path=/nfs/dust/cms/user/shwillia/BTV/Apr15/MC_Pythia6_QCD_Pt-50to80_MuEnrichedPt5_TuneZ2star_13TeV/BTAG_JET_TRACK_SEL.yoda/BTAG_JET_TRACK_SEL/J_ChargedParticlePVDxy_LightJets
Title=BTAG_JET_TRACK_SEL
XLabel=
YLabel=
# xlow	 xhigh	 val	 errminus	 errplus
0.000000e+00	5.000000e-02	7.111938e+07	3.771455e+04	3.771455e+04
5.000000e-02	1.000000e-01	1.898800e+05	1.948743e+03	1.948743e+03
1.000000e-01	1.500000e-01	1.654000e+05	1.818791e+03	1.818791e+03
1.500000e-01	2.000000e-01	1.546600e+05	1.758750e+03	1.758750e+03
2.000000e-01	2.500000e-01	1.431000e+05	1.691745e+03	1.691745e+03
2.500000e-01	3.000000e-01	1.307800e+05	1.617282e+03	1.617282e+03
3.000000e-01	3.500000e-01	1.209000e+05	1.554992e+03	1.554992e+03
3.500000e-01	4.000000e-01	1.155800e+05	1.520395e+03	1.520395e+03
4.000000e-01	4.500000e-01	1.028600e+05	1.434294e+03	1.434294e+03
4.500000e-01	5.000000e-01	9.336000e+04	1.366455e+03	1.366455e+03
5.000000e-01	5.500000e-01	9.192000e+04	1.355876e+03	1.355876e+03
5.500000e-01	6.000000e-01	8.508000e+04	1.304454e+03	1.304454e+03
6.000000e-01	6.500000e-01	7.364000e+04	1.213590e+03	1.213590e+03
6.500000e-01	7.000000e-01	6.536000e+04	1.143328e+03	1.143328e+03
7.000000e-01	7.500000e-01	5.596000e+04	1.057922e+03	1.057922e+03
7.500000e-01	8.000000e-01	4.722000e+04	9.718024e+02	9.718024e+02
8.000000e-01	8.500000e-01	4.364000e+04	9.342377e+02	9.342377e+02
8.500000e-01	9.000000e-01	3.836000e+04	8.758995e+02	8.758995e+02
9.000000e-01	9.500000e-01	3.308000e+04	8.133880e+02	8.133880e+02
9.500000e-01	1.000000e+00	3.226000e+04	8.032434e+02	8.032434e+02
1.000000e+00	1.050000e+00	2.798000e+04	7.480642e+02	7.480642e+02
1.050000e+00	1.100000e+00	2.622000e+04	7.241547e+02	7.241547e+02
1.100000e+00	1.150000e+00	2.234000e+04	6.684310e+02	6.684310e+02
1.150000e+00	1.200000e+00	2.098000e+04	6.477654e+02	6.477654e+02
1.200000e+00	1.250000e+00	2.020000e+04	6.356099e+02	6.356099e+02
1.250000e+00	1.300000e+00	1.936000e+04	6.222540e+02	6.222540e+02
1.300000e+00	1.350000e+00	1.648000e+04	5.741080e+02	5.741080e+02
1.350000e+00	1.400000e+00	1.542000e+04	5.553377e+02	5.553377e+02
1.400000e+00	1.450000e+00	1.376000e+04	5.245951e+02	5.245951e+02
1.450000e+00	1.500000e+00	1.382000e+04	5.257376e+02	5.257376e+02
1.500000e+00	1.550000e+00	1.230000e+04	4.959839e+02	4.959839e+02
1.550000e+00	1.600000e+00	1.152000e+04	4.800000e+02	4.800000e+02
1.600000e+00	1.650000e+00	1.146000e+04	4.787484e+02	4.787484e+02
1.650000e+00	1.700000e+00	1.080000e+04	4.647580e+02	4.647580e+02
1.700000e+00	1.750000e+00	9.380000e+03	4.331282e+02	4.331282e+02
1.750000e+00	1.800000e+00	8.320000e+03	4.079216e+02	4.079216e+02
1.800000e+00	1.850000e+00	8.180000e+03	4.044750e+02	4.044750e+02
1.850000e+00	1.900000e+00	7.180000e+03	3.789459e+02	3.789459e+02
1.900000e+00	1.950000e+00	7.260000e+03	3.810512e+02	3.810512e+02
1.950000e+00	2.000000e+00	6.700000e+03	3.660601e+02	3.660601e+02
2.000000e+00	2.050000e+00	0.000000e+00	0.000000e+00	0.000000e+00
2.050000e+00	2.100000e+00	0.000000e+00	0.000000e+00	0.000000e+00
2.100000e+00	2.150000e+00	0.000000e+00	0.000000e+00	0.000000e+00
2.150000e+00	2.200000e+00	0.000000e+00	0.000000e+00	0.000000e+00
2.200000e+00	2.250000e+00	0.000000e+00	0.000000e+00	0.000000e+00
2.250000e+00	2.300000e+00	0.000000e+00	0.000000e+00	0.000000e+00
2.300000e+00	2.350000e+00	0.000000e+00	0.000000e+00	0.000000e+00
2.350000e+00	2.400000e+00	0.000000e+00	0.000000e+00	0.000000e+00
2.400000e+00	2.450000e+00	0.000000e+00	0.000000e+00	0.000000e+00
2.450000e+00	2.500000e+00	0.000000e+00	0.000000e+00	0.000000e+00
2.500000e+00	2.550000e+00	0.000000e+00	0.000000e+00	0.000000e+00
2.550000e+00	2.600000e+00	0.000000e+00	0.000000e+00	0.000000e+00
2.600000e+00	2.650000e+00	0.000000e+00	0.000000e+00	0.000000e+00
2.650000e+00	2.700000e+00	0.000000e+00	0.000000e+00	0.000000e+00
2.700000e+00	2.750000e+00	0.000000e+00	0.000000e+00	0.000000e+00
2.750000e+00	2.800000e+00	0.000000e+00	0.000000e+00	0.000000e+00
2.800000e+00	2.850000e+00	0.000000e+00	0.000000e+00	0.000000e+00
2.850000e+00	2.900000e+00	0.000000e+00	0.000000e+00	0.000000e+00
2.900000e+00	2.950000e+00	0.000000e+00	0.000000e+00	0.000000e+00
2.950000e+00	3.000000e+00	0.000000e+00	0.000000e+00	0.000000e+00
# END HISTOGRAM

# BEGIN HISTOGRAM /nfs/dust/cms/user/shwillia/BTV/Apr15/MC_Pythia8_QCD_Pt-50to80_MuEnrichedPt5_Tune4C_13TeV/BTAG_JET_TRACK_SEL.yoda/BTAG_JET_TRACK_SEL/J_ChargedParticlePVDxy_LightJets
LineColor={[HTML]{3366FF}}
LineStyle=solid
Path=/nfs/dust/cms/user/shwillia/BTV/Apr15/MC_Pythia8_QCD_Pt-50to80_MuEnrichedPt5_Tune4C_13TeV/BTAG_JET_TRACK_SEL.yoda/BTAG_JET_TRACK_SEL/J_ChargedParticlePVDxy_LightJets
Title=BTAG_JET_TRACK_SEL
XLabel=
YLabel=
# xlow	 xhigh	 val	 errminus	 errplus
0.000000e+00	5.000000e-02	1.663222e+08	5.767533e+04	5.767533e+04
5.000000e-02	1.000000e-01	6.942600e+05	3.726285e+03	3.726285e+03
1.000000e-01	1.500000e-01	6.421400e+05	3.583685e+03	3.583685e+03
1.500000e-01	2.000000e-01	5.915600e+05	3.439651e+03	3.439651e+03
2.000000e-01	2.500000e-01	5.498600e+05	3.316203e+03	3.316203e+03
2.500000e-01	3.000000e-01	5.275000e+05	3.248076e+03	3.248076e+03
3.000000e-01	3.500000e-01	4.834000e+05	3.109341e+03	3.109341e+03
3.500000e-01	4.000000e-01	4.627200e+05	3.042105e+03	3.042105e+03
4.000000e-01	4.500000e-01	4.285200e+05	2.927525e+03	2.927525e+03
4.500000e-01	5.000000e-01	4.001800e+05	2.829063e+03	2.829063e+03
5.000000e-01	5.500000e-01	3.770200e+05	2.745979e+03	2.745979e+03
5.500000e-01	6.000000e-01	3.475400e+05	2.636437e+03	2.636437e+03
6.000000e-01	6.500000e-01	3.204400e+05	2.531561e+03	2.531561e+03
6.500000e-01	7.000000e-01	2.897800e+05	2.407405e+03	2.407405e+03
7.000000e-01	7.500000e-01	2.372800e+05	2.178440e+03	2.178440e+03
7.500000e-01	8.000000e-01	1.999000e+05	1.999500e+03	1.999500e+03
8.000000e-01	8.500000e-01	1.785200e+05	1.889550e+03	1.889550e+03
8.500000e-01	9.000000e-01	1.582000e+05	1.778764e+03	1.778764e+03
9.000000e-01	9.500000e-01	1.452800e+05	1.704582e+03	1.704582e+03
9.500000e-01	1.000000e+00	1.281800e+05	1.601125e+03	1.601125e+03
1.000000e+00	1.050000e+00	1.127200e+05	1.501466e+03	1.501466e+03
1.050000e+00	1.100000e+00	1.047200e+05	1.447204e+03	1.447204e+03
1.100000e+00	1.150000e+00	9.584000e+04	1.384485e+03	1.384485e+03
1.150000e+00	1.200000e+00	9.050000e+04	1.345362e+03	1.345362e+03
1.200000e+00	1.250000e+00	8.364000e+04	1.293368e+03	1.293368e+03
1.250000e+00	1.300000e+00	7.578000e+04	1.231097e+03	1.231097e+03
1.300000e+00	1.350000e+00	7.216000e+04	1.201333e+03	1.201333e+03
1.350000e+00	1.400000e+00	6.610000e+04	1.149783e+03	1.149783e+03
1.400000e+00	1.450000e+00	6.464000e+04	1.137014e+03	1.137014e+03
1.450000e+00	1.500000e+00	5.808000e+04	1.077775e+03	1.077775e+03
1.500000e+00	1.550000e+00	5.286000e+04	1.028202e+03	1.028202e+03
1.550000e+00	1.600000e+00	4.984000e+04	9.983987e+02	9.983987e+02
1.600000e+00	1.650000e+00	4.728000e+04	9.724197e+02	9.724197e+02
1.650000e+00	1.700000e+00	4.408000e+04	9.389356e+02	9.389356e+02
1.700000e+00	1.750000e+00	4.204000e+04	9.169515e+02	9.169515e+02
1.750000e+00	1.800000e+00	3.986000e+04	8.928606e+02	8.928606e+02
1.800000e+00	1.850000e+00	3.662000e+04	8.558037e+02	8.558037e+02
1.850000e+00	1.900000e+00	3.400000e+04	8.246211e+02	8.246211e+02
1.900000e+00	1.950000e+00	3.318000e+04	8.146165e+02	8.146165e+02
1.950000e+00	2.000000e+00	3.134000e+04	7.917070e+02	7.917070e+02
2.000000e+00	2.050000e+00	0.000000e+00	0.000000e+00	0.000000e+00
2.050000e+00	2.100000e+00	0.000000e+00	0.000000e+00	0.000000e+00
2.100000e+00	2.150000e+00	0.000000e+00	0.000000e+00	0.000000e+00
2.150000e+00	2.200000e+00	0.000000e+00	0.000000e+00	0.000000e+00
2.200000e+00	2.250000e+00	0.000000e+00	0.000000e+00	0.000000e+00
2.250000e+00	2.300000e+00	0.000000e+00	0.000000e+00	0.000000e+00
2.300000e+00	2.350000e+00	0.000000e+00	0.000000e+00	0.000000e+00
2.350000e+00	2.400000e+00	0.000000e+00	0.000000e+00	0.000000e+00
2.400000e+00	2.450000e+00	0.000000e+00	0.000000e+00	0.000000e+00
2.450000e+00	2.500000e+00	0.000000e+00	0.000000e+00	0.000000e+00
2.500000e+00	2.550000e+00	0.000000e+00	0.000000e+00	0.000000e+00
2.550000e+00	2.600000e+00	0.000000e+00	0.000000e+00	0.000000e+00
2.600000e+00	2.650000e+00	0.000000e+00	0.000000e+00	0.000000e+00
2.650000e+00	2.700000e+00	0.000000e+00	0.000000e+00	0.000000e+00
2.700000e+00	2.750000e+00	0.000000e+00	0.000000e+00	0.000000e+00
2.750000e+00	2.800000e+00	0.000000e+00	0.000000e+00	0.000000e+00
2.800000e+00	2.850000e+00	0.000000e+00	0.000000e+00	0.000000e+00
2.850000e+00	2.900000e+00	0.000000e+00	0.000000e+00	0.000000e+00
2.900000e+00	2.950000e+00	0.000000e+00	0.000000e+00	0.000000e+00
2.950000e+00	3.000000e+00	0.000000e+00	0.000000e+00	0.000000e+00
# END HISTOGRAM

# BEGIN HISTOGRAM /nfs/dust/cms/user/shwillia/BTV/Apr15/MC_Pythia8_QCD_Pt-50to80_MuEnrichedPt5_PionKaonDecay_Tune4C_13TeV/BTAG_JET_TRACK_SEL.yoda/BTAG_JET_TRACK_SEL/J_ChargedParticlePVDxy_LightJets
LineColor={[HTML]{109618}}
LineStyle=solid
Path=/nfs/dust/cms/user/shwillia/BTV/Apr15/MC_Pythia8_QCD_Pt-50to80_MuEnrichedPt5_PionKaonDecay_Tune4C_13TeV/BTAG_JET_TRACK_SEL.yoda/BTAG_JET_TRACK_SEL/J_ChargedParticlePVDxy_LightJets
Title=BTAG_JET_TRACK_SEL
XLabel=
YLabel=
# xlow	 xhigh	 val	 errminus	 errplus
0.000000e+00	5.000000e-02	5.095520e+08	1.009507e+05	1.009507e+05
5.000000e-02	1.000000e-01	1.417540e+06	5.324547e+03	5.324547e+03
1.000000e-01	1.500000e-01	1.266940e+06	5.033766e+03	5.033766e+03
1.500000e-01	2.000000e-01	1.166660e+06	4.830445e+03	4.830445e+03
2.000000e-01	2.500000e-01	1.073000e+06	4.632494e+03	4.632494e+03
2.500000e-01	3.000000e-01	1.012340e+06	4.499644e+03	4.499644e+03
3.000000e-01	3.500000e-01	9.235200e+05	4.297720e+03	4.297720e+03
3.500000e-01	4.000000e-01	8.779600e+05	4.190370e+03	4.190370e+03
4.000000e-01	4.500000e-01	8.052400e+05	4.013079e+03	4.013079e+03
4.500000e-01	5.000000e-01	7.480800e+05	3.868023e+03	3.868023e+03
5.000000e-01	5.500000e-01	6.905200e+05	3.716235e+03	3.716235e+03
5.500000e-01	6.000000e-01	6.497600e+05	3.604886e+03	3.604886e+03
6.000000e-01	6.500000e-01	5.912200e+05	3.438663e+03	3.438663e+03
6.500000e-01	7.000000e-01	5.217800e+05	3.230418e+03	3.230418e+03
7.000000e-01	7.500000e-01	4.239200e+05	2.911769e+03	2.911769e+03
7.500000e-01	8.000000e-01	3.656200e+05	2.704145e+03	2.704145e+03
8.000000e-01	8.500000e-01	3.222200e+05	2.538582e+03	2.538582e+03
8.500000e-01	9.000000e-01	2.814200e+05	2.372425e+03	2.372425e+03
9.000000e-01	9.500000e-01	2.594600e+05	2.277982e+03	2.277982e+03
9.500000e-01	1.000000e+00	2.333800e+05	2.160463e+03	2.160463e+03
1.000000e+00	1.050000e+00	2.140800e+05	2.069203e+03	2.069203e+03
1.050000e+00	1.100000e+00	1.933000e+05	1.966215e+03	1.966215e+03
1.100000e+00	1.150000e+00	1.795400e+05	1.894941e+03	1.894941e+03
1.150000e+00	1.200000e+00	1.645800e+05	1.814277e+03	1.814277e+03
1.200000e+00	1.250000e+00	1.501200e+05	1.732743e+03	1.732743e+03
1.250000e+00	1.300000e+00	1.409000e+05	1.678690e+03	1.678690e+03
1.300000e+00	1.350000e+00	1.292400e+05	1.607731e+03	1.607731e+03
1.350000e+00	1.400000e+00	1.200600e+05	1.549581e+03	1.549581e+03
1.400000e+00	1.450000e+00	1.138000e+05	1.508642e+03	1.508642e+03
1.450000e+00	1.500000e+00	1.028200e+05	1.434015e+03	1.434015e+03
1.500000e+00	1.550000e+00	9.644000e+04	1.388812e+03	1.388812e+03
1.550000e+00	1.600000e+00	9.246000e+04	1.359853e+03	1.359853e+03
1.600000e+00	1.650000e+00	8.282000e+04	1.287012e+03	1.287012e+03
1.650000e+00	1.700000e+00	7.912000e+04	1.257935e+03	1.257935e+03
1.700000e+00	1.750000e+00	7.454000e+04	1.220983e+03	1.220983e+03
1.750000e+00	1.800000e+00	7.006000e+04	1.183723e+03	1.183723e+03
1.800000e+00	1.850000e+00	6.512000e+04	1.141227e+03	1.141227e+03
1.850000e+00	1.900000e+00	6.170000e+04	1.110856e+03	1.110856e+03
1.900000e+00	1.950000e+00	5.888000e+04	1.085173e+03	1.085173e+03
1.950000e+00	2.000000e+00	5.262000e+04	1.025865e+03	1.025865e+03
2.000000e+00	2.050000e+00	0.000000e+00	0.000000e+00	0.000000e+00
2.050000e+00	2.100000e+00	0.000000e+00	0.000000e+00	0.000000e+00
2.100000e+00	2.150000e+00	0.000000e+00	0.000000e+00	0.000000e+00
2.150000e+00	2.200000e+00	0.000000e+00	0.000000e+00	0.000000e+00
2.200000e+00	2.250000e+00	0.000000e+00	0.000000e+00	0.000000e+00
2.250000e+00	2.300000e+00	0.000000e+00	0.000000e+00	0.000000e+00
2.300000e+00	2.350000e+00	0.000000e+00	0.000000e+00	0.000000e+00
2.350000e+00	2.400000e+00	0.000000e+00	0.000000e+00	0.000000e+00
2.400000e+00	2.450000e+00	0.000000e+00	0.000000e+00	0.000000e+00
2.450000e+00	2.500000e+00	0.000000e+00	0.000000e+00	0.000000e+00
2.500000e+00	2.550000e+00	0.000000e+00	0.000000e+00	0.000000e+00
2.550000e+00	2.600000e+00	0.000000e+00	0.000000e+00	0.000000e+00
2.600000e+00	2.650000e+00	0.000000e+00	0.000000e+00	0.000000e+00
2.650000e+00	2.700000e+00	0.000000e+00	0.000000e+00	0.000000e+00
2.700000e+00	2.750000e+00	0.000000e+00	0.000000e+00	0.000000e+00
2.750000e+00	2.800000e+00	0.000000e+00	0.000000e+00	0.000000e+00
2.800000e+00	2.850000e+00	0.000000e+00	0.000000e+00	0.000000e+00
2.850000e+00	2.900000e+00	0.000000e+00	0.000000e+00	0.000000e+00
2.900000e+00	2.950000e+00	0.000000e+00	0.000000e+00	0.000000e+00
2.950000e+00	3.000000e+00	0.000000e+00	0.000000e+00	0.000000e+00
# END HISTOGRAM

