# BEGIN PLOT
DrawOnly=/nfs/dust/cms/user/shwillia/BTV/Apr15/MC_Pythia6_QCD_Pt-50to80_MuEnrichedPt5_TuneZ2star_13TeV/BTAG_JET_TRACK_SEL.yoda/BTAG_JET_TRACK_SEL/K_ChargedParticlePVDz_CharmJets /nfs/dust/cms/user/shwillia/BTV/Apr15/MC_Pythia8_QCD_Pt-50to80_MuEnrichedPt5_Tune4C_13TeV/BTAG_JET_TRACK_SEL.yoda/BTAG_JET_TRACK_SEL/K_ChargedParticlePVDz_CharmJets /nfs/dust/cms/user/shwillia/BTV/Apr15/MC_Pythia8_QCD_Pt-50to80_MuEnrichedPt5_PionKaonDecay_Tune4C_13TeV/BTAG_JET_TRACK_SEL.yoda/BTAG_JET_TRACK_SEL/K_ChargedParticlePVDz_CharmJets
RatioPlotReference=/nfs/dust/cms/user/shwillia/BTV/Apr15/MC_Pythia6_QCD_Pt-50to80_MuEnrichedPt5_TuneZ2star_13TeV/BTAG_JET_TRACK_SEL.yoda/BTAG_JET_TRACK_SEL/K_ChargedParticlePVDz_CharmJets
RatioPlot=1
Legend=1
XLabel=$d_{z}(CP,PV)$
YLabel=Normalized to Unity
LogY=1
NormalizeToSum=1
# END PLOT

# BEGIN HISTOGRAM /nfs/dust/cms/user/shwillia/BTV/Apr15/MC_Pythia6_QCD_Pt-50to80_MuEnrichedPt5_TuneZ2star_13TeV/BTAG_JET_TRACK_SEL.yoda/BTAG_JET_TRACK_SEL/K_ChargedParticlePVDz_CharmJets
LineColor={[HTML]{EE3311}}
LineStyle=solid
Path=/nfs/dust/cms/user/shwillia/BTV/Apr15/MC_Pythia6_QCD_Pt-50to80_MuEnrichedPt5_TuneZ2star_13TeV/BTAG_JET_TRACK_SEL.yoda/BTAG_JET_TRACK_SEL/K_ChargedParticlePVDz_CharmJets
Title=BTAG_JET_TRACK_SEL
XLabel=
YLabel=
# xlow	 xhigh	 val	 errminus	 errplus
0.000000e+00	2.000000e-01	4.584290e+06	4.787635e+03	4.787635e+03
2.000000e-01	4.000000e-01	1.483350e+05	8.612056e+02	8.612056e+02
4.000000e-01	6.000000e-01	5.330500e+04	5.162606e+02	5.162606e+02
6.000000e-01	8.000000e-01	2.588500e+04	3.597569e+02	3.597569e+02
8.000000e-01	1.000000e+00	1.398500e+04	2.644334e+02	2.644334e+02
1.000000e+00	1.200000e+00	8.415000e+03	2.051219e+02	2.051219e+02
1.200000e+00	1.400000e+00	5.135000e+03	1.602342e+02	1.602342e+02
1.400000e+00	1.600000e+00	3.305000e+03	1.285496e+02	1.285496e+02
1.600000e+00	1.800000e+00	2.085000e+03	1.021029e+02	1.021029e+02
1.800000e+00	2.000000e+00	1.640000e+03	9.055385e+01	9.055385e+01
2.000000e+00	2.200000e+00	1.095000e+03	7.399324e+01	7.399324e+01
2.200000e+00	2.400000e+00	7.950000e+02	6.304760e+01	6.304760e+01
2.400000e+00	2.600000e+00	6.700000e+02	5.787918e+01	5.787918e+01
2.600000e+00	2.800000e+00	5.250000e+02	5.123475e+01	5.123475e+01
2.800000e+00	3.000000e+00	4.000000e+02	4.472136e+01	4.472136e+01
3.000000e+00	3.200000e+00	3.150000e+02	3.968627e+01	3.968627e+01
3.200000e+00	3.400000e+00	2.300000e+02	3.391165e+01	3.391165e+01
3.400000e+00	3.600000e+00	1.950000e+02	3.122499e+01	3.122499e+01
3.600000e+00	3.800000e+00	1.800000e+02	3.000000e+01	3.000000e+01
3.800000e+00	4.000000e+00	1.050000e+02	2.291288e+01	2.291288e+01
4.000000e+00	4.200000e+00	8.000000e+01	2.000000e+01	2.000000e+01
4.200000e+00	4.400000e+00	8.500000e+01	2.061553e+01	2.061553e+01
4.400000e+00	4.600000e+00	4.000000e+01	1.414214e+01	1.414214e+01
4.600000e+00	4.800000e+00	8.000000e+01	2.000000e+01	2.000000e+01
4.800000e+00	5.000000e+00	2.500000e+01	1.118034e+01	1.118034e+01
5.000000e+00	5.200000e+00	4.000000e+01	1.414214e+01	1.414214e+01
5.200000e+00	5.400000e+00	3.500000e+01	1.322876e+01	1.322876e+01
5.400000e+00	5.600000e+00	1.500000e+01	8.660254e+00	8.660254e+00
5.600000e+00	5.800000e+00	2.500000e+01	1.118034e+01	1.118034e+01
5.800000e+00	6.000000e+00	1.500000e+01	8.660254e+00	8.660254e+00
6.000000e+00	6.200000e+00	1.000000e+01	7.071068e+00	7.071068e+00
6.200000e+00	6.400000e+00	1.000000e+01	7.071068e+00	7.071068e+00
6.400000e+00	6.600000e+00	2.000000e+01	1.000000e+01	1.000000e+01
6.600000e+00	6.800000e+00	1.000000e+01	7.071068e+00	7.071068e+00
6.800000e+00	7.000000e+00	0.000000e+00	0.000000e+00	0.000000e+00
7.000000e+00	7.200000e+00	0.000000e+00	0.000000e+00	0.000000e+00
7.200000e+00	7.400000e+00	0.000000e+00	0.000000e+00	0.000000e+00
7.400000e+00	7.600000e+00	1.500000e+01	8.660254e+00	8.660254e+00
7.600000e+00	7.800000e+00	0.000000e+00	0.000000e+00	0.000000e+00
7.800000e+00	8.000000e+00	0.000000e+00	0.000000e+00	0.000000e+00
8.000000e+00	8.200000e+00	5.000000e+00	5.000000e+00	5.000000e+00
8.200000e+00	8.400000e+00	5.000000e+00	5.000000e+00	5.000000e+00
8.400000e+00	8.600000e+00	0.000000e+00	0.000000e+00	0.000000e+00
8.600000e+00	8.800000e+00	0.000000e+00	0.000000e+00	0.000000e+00
8.800000e+00	9.000000e+00	0.000000e+00	0.000000e+00	0.000000e+00
9.000000e+00	9.200000e+00	0.000000e+00	0.000000e+00	0.000000e+00
9.200000e+00	9.400000e+00	0.000000e+00	0.000000e+00	0.000000e+00
9.400000e+00	9.600000e+00	0.000000e+00	0.000000e+00	0.000000e+00
9.600000e+00	9.800000e+00	0.000000e+00	0.000000e+00	0.000000e+00
9.800000e+00	1.000000e+01	0.000000e+00	0.000000e+00	0.000000e+00
# END HISTOGRAM

# BEGIN HISTOGRAM /nfs/dust/cms/user/shwillia/BTV/Apr15/MC_Pythia8_QCD_Pt-50to80_MuEnrichedPt5_Tune4C_13TeV/BTAG_JET_TRACK_SEL.yoda/BTAG_JET_TRACK_SEL/K_ChargedParticlePVDz_CharmJets
LineColor={[HTML]{3366FF}}
LineStyle=solid
Path=/nfs/dust/cms/user/shwillia/BTV/Apr15/MC_Pythia8_QCD_Pt-50to80_MuEnrichedPt5_Tune4C_13TeV/BTAG_JET_TRACK_SEL.yoda/BTAG_JET_TRACK_SEL/K_ChargedParticlePVDz_CharmJets
Title=BTAG_JET_TRACK_SEL
XLabel=
YLabel=
# xlow	 xhigh	 val	 errminus	 errplus
0.000000e+00	2.000000e-01	1.975796e+07	9.939305e+03	9.939305e+03
2.000000e-01	4.000000e-01	7.514100e+05	1.938311e+03	1.938311e+03
4.000000e-01	6.000000e-01	2.856050e+05	1.195000e+03	1.195000e+03
6.000000e-01	8.000000e-01	1.357950e+05	8.239994e+02	8.239994e+02
8.000000e-01	1.000000e+00	7.431000e+04	6.095490e+02	6.095490e+02
1.000000e+00	1.200000e+00	4.532500e+04	4.760515e+02	4.760515e+02
1.200000e+00	1.400000e+00	2.884000e+04	3.797368e+02	3.797368e+02
1.400000e+00	1.600000e+00	1.989500e+04	3.153966e+02	3.153966e+02
1.600000e+00	1.800000e+00	1.341500e+04	2.589884e+02	2.589884e+02
1.800000e+00	2.000000e+00	9.090000e+03	2.131901e+02	2.131901e+02
2.000000e+00	2.200000e+00	6.900000e+03	1.857418e+02	1.857418e+02
2.200000e+00	2.400000e+00	5.050000e+03	1.589025e+02	1.589025e+02
2.400000e+00	2.600000e+00	3.765000e+03	1.372042e+02	1.372042e+02
2.600000e+00	2.800000e+00	2.880000e+03	1.200000e+02	1.200000e+02
2.800000e+00	3.000000e+00	2.215000e+03	1.052378e+02	1.052378e+02
3.000000e+00	3.200000e+00	1.440000e+03	8.485281e+01	8.485281e+01
3.200000e+00	3.400000e+00	1.100000e+03	7.416198e+01	7.416198e+01
3.400000e+00	3.600000e+00	1.075000e+03	7.331439e+01	7.331439e+01
3.600000e+00	3.800000e+00	8.800000e+02	6.633250e+01	6.633250e+01
3.800000e+00	4.000000e+00	7.000000e+02	5.916080e+01	5.916080e+01
4.000000e+00	4.200000e+00	4.650000e+02	4.821825e+01	4.821825e+01
4.200000e+00	4.400000e+00	4.800000e+02	4.898979e+01	4.898979e+01
4.400000e+00	4.600000e+00	4.000000e+02	4.472136e+01	4.472136e+01
4.600000e+00	4.800000e+00	3.800000e+02	4.358899e+01	4.358899e+01
4.800000e+00	5.000000e+00	2.700000e+02	3.674235e+01	3.674235e+01
5.000000e+00	5.200000e+00	2.400000e+02	3.464102e+01	3.464102e+01
5.200000e+00	5.400000e+00	1.350000e+02	2.598076e+01	2.598076e+01
5.400000e+00	5.600000e+00	1.400000e+02	2.645751e+01	2.645751e+01
5.600000e+00	5.800000e+00	1.500000e+02	2.738613e+01	2.738613e+01
5.800000e+00	6.000000e+00	1.500000e+02	2.738613e+01	2.738613e+01
6.000000e+00	6.200000e+00	9.000000e+01	2.121320e+01	2.121320e+01
6.200000e+00	6.400000e+00	1.050000e+02	2.291288e+01	2.291288e+01
6.400000e+00	6.600000e+00	5.000000e+01	1.581139e+01	1.581139e+01
6.600000e+00	6.800000e+00	3.500000e+01	1.322876e+01	1.322876e+01
6.800000e+00	7.000000e+00	3.500000e+01	1.322876e+01	1.322876e+01
7.000000e+00	7.200000e+00	4.500000e+01	1.500000e+01	1.500000e+01
7.200000e+00	7.400000e+00	4.000000e+01	1.414214e+01	1.414214e+01
7.400000e+00	7.600000e+00	3.000000e+01	1.224745e+01	1.224745e+01
7.600000e+00	7.800000e+00	3.000000e+01	1.224745e+01	1.224745e+01
7.800000e+00	8.000000e+00	2.500000e+01	1.118034e+01	1.118034e+01
8.000000e+00	8.200000e+00	2.500000e+01	1.118034e+01	1.118034e+01
8.200000e+00	8.400000e+00	2.000000e+01	1.000000e+01	1.000000e+01
8.400000e+00	8.600000e+00	5.000000e+00	5.000000e+00	5.000000e+00
8.600000e+00	8.800000e+00	1.500000e+01	8.660254e+00	8.660254e+00
8.800000e+00	9.000000e+00	0.000000e+00	0.000000e+00	0.000000e+00
9.000000e+00	9.200000e+00	5.000000e+00	5.000000e+00	5.000000e+00
9.200000e+00	9.400000e+00	5.000000e+00	5.000000e+00	5.000000e+00
9.400000e+00	9.600000e+00	5.000000e+00	5.000000e+00	5.000000e+00
9.600000e+00	9.800000e+00	1.000000e+01	7.071068e+00	7.071068e+00
9.800000e+00	1.000000e+01	0.000000e+00	0.000000e+00	0.000000e+00
# END HISTOGRAM

# BEGIN HISTOGRAM /nfs/dust/cms/user/shwillia/BTV/Apr15/MC_Pythia8_QCD_Pt-50to80_MuEnrichedPt5_PionKaonDecay_Tune4C_13TeV/BTAG_JET_TRACK_SEL.yoda/BTAG_JET_TRACK_SEL/K_ChargedParticlePVDz_CharmJets
LineColor={[HTML]{109618}}
LineStyle=solid
Path=/nfs/dust/cms/user/shwillia/BTV/Apr15/MC_Pythia8_QCD_Pt-50to80_MuEnrichedPt5_PionKaonDecay_Tune4C_13TeV/BTAG_JET_TRACK_SEL.yoda/BTAG_JET_TRACK_SEL/K_ChargedParticlePVDz_CharmJets
Title=BTAG_JET_TRACK_SEL
XLabel=
YLabel=
# xlow	 xhigh	 val	 errminus	 errplus
0.000000e+00	2.000000e-01	3.346028e+07	1.293450e+04	1.293450e+04
2.000000e-01	4.000000e-01	1.203400e+06	2.452957e+03	2.452957e+03
4.000000e-01	6.000000e-01	4.542650e+05	1.507092e+03	1.507092e+03
6.000000e-01	8.000000e-01	2.160600e+05	1.039375e+03	1.039375e+03
8.000000e-01	1.000000e+00	1.166400e+05	7.636753e+02	7.636753e+02
1.000000e+00	1.200000e+00	7.070000e+04	5.945587e+02	5.945587e+02
1.200000e+00	1.400000e+00	4.505000e+04	4.746051e+02	4.746051e+02
1.400000e+00	1.600000e+00	3.023000e+04	3.887801e+02	3.887801e+02
1.600000e+00	1.800000e+00	2.100000e+04	3.240370e+02	3.240370e+02
1.800000e+00	2.000000e+00	1.437500e+04	2.680951e+02	2.680951e+02
2.000000e+00	2.200000e+00	1.061000e+04	2.303259e+02	2.303259e+02
2.200000e+00	2.400000e+00	7.655000e+03	1.956400e+02	1.956400e+02
2.400000e+00	2.600000e+00	5.635000e+03	1.678541e+02	1.678541e+02
2.600000e+00	2.800000e+00	4.385000e+03	1.480709e+02	1.480709e+02
2.800000e+00	3.000000e+00	3.325000e+03	1.289380e+02	1.289380e+02
3.000000e+00	3.200000e+00	2.695000e+03	1.160819e+02	1.160819e+02
3.200000e+00	3.400000e+00	2.115000e+03	1.028348e+02	1.028348e+02
3.400000e+00	3.600000e+00	1.610000e+03	8.972179e+01	8.972179e+01
3.600000e+00	3.800000e+00	1.285000e+03	8.015610e+01	8.015610e+01
3.800000e+00	4.000000e+00	1.110000e+03	7.449832e+01	7.449832e+01
4.000000e+00	4.200000e+00	8.200000e+02	6.403124e+01	6.403124e+01
4.200000e+00	4.400000e+00	6.350000e+02	5.634714e+01	5.634714e+01
4.400000e+00	4.600000e+00	5.800000e+02	5.385165e+01	5.385165e+01
4.600000e+00	4.800000e+00	4.100000e+02	4.527693e+01	4.527693e+01
4.800000e+00	5.000000e+00	4.850000e+02	4.924429e+01	4.924429e+01
5.000000e+00	5.200000e+00	2.350000e+02	3.427827e+01	3.427827e+01
5.200000e+00	5.400000e+00	2.800000e+02	3.741657e+01	3.741657e+01
5.400000e+00	5.600000e+00	2.350000e+02	3.427827e+01	3.427827e+01
5.600000e+00	5.800000e+00	1.850000e+02	3.041381e+01	3.041381e+01
5.800000e+00	6.000000e+00	1.500000e+02	2.738613e+01	2.738613e+01
6.000000e+00	6.200000e+00	1.450000e+02	2.692582e+01	2.692582e+01
6.200000e+00	6.400000e+00	1.250000e+02	2.500000e+01	2.500000e+01
6.400000e+00	6.600000e+00	8.500000e+01	2.061553e+01	2.061553e+01
6.600000e+00	6.800000e+00	5.500000e+01	1.658312e+01	1.658312e+01
6.800000e+00	7.000000e+00	8.500000e+01	2.061553e+01	2.061553e+01
7.000000e+00	7.200000e+00	8.500000e+01	2.061553e+01	2.061553e+01
7.200000e+00	7.400000e+00	5.000000e+01	1.581139e+01	1.581139e+01
7.400000e+00	7.600000e+00	5.000000e+01	1.581139e+01	1.581139e+01
7.600000e+00	7.800000e+00	3.000000e+01	1.224745e+01	1.224745e+01
7.800000e+00	8.000000e+00	5.000000e+01	1.581139e+01	1.581139e+01
8.000000e+00	8.200000e+00	3.000000e+01	1.224745e+01	1.224745e+01
8.200000e+00	8.400000e+00	2.500000e+01	1.118034e+01	1.118034e+01
8.400000e+00	8.600000e+00	4.500000e+01	1.500000e+01	1.500000e+01
8.600000e+00	8.800000e+00	2.500000e+01	1.118034e+01	1.118034e+01
8.800000e+00	9.000000e+00	2.000000e+01	1.000000e+01	1.000000e+01
9.000000e+00	9.200000e+00	2.000000e+01	1.000000e+01	1.000000e+01
9.200000e+00	9.400000e+00	1.000000e+01	7.071068e+00	7.071068e+00
9.400000e+00	9.600000e+00	5.000000e+00	5.000000e+00	5.000000e+00
9.600000e+00	9.800000e+00	1.500000e+01	8.660254e+00	8.660254e+00
9.800000e+00	1.000000e+01	5.000000e+00	5.000000e+00	5.000000e+00
# END HISTOGRAM

