# BEGIN PLOT
DrawOnly=/nfs/dust/cms/user/shwillia/BTV/Apr15/MC_Pythia6_QCD_Pt-50to80_MuEnrichedPt5_TuneZ2star_13TeV/BTAG_JET_TRACK_SEL.yoda/BTAG_JET_TRACK_SEL/K_ChargedParticlePVDz_BottomJets /nfs/dust/cms/user/shwillia/BTV/Apr15/MC_Pythia8_QCD_Pt-50to80_MuEnrichedPt5_Tune4C_13TeV/BTAG_JET_TRACK_SEL.yoda/BTAG_JET_TRACK_SEL/K_ChargedParticlePVDz_BottomJets /nfs/dust/cms/user/shwillia/BTV/Apr15/MC_Pythia8_QCD_Pt-50to80_MuEnrichedPt5_PionKaonDecay_Tune4C_13TeV/BTAG_JET_TRACK_SEL.yoda/BTAG_JET_TRACK_SEL/K_ChargedParticlePVDz_BottomJets
RatioPlotReference=/nfs/dust/cms/user/shwillia/BTV/Apr15/MC_Pythia6_QCD_Pt-50to80_MuEnrichedPt5_TuneZ2star_13TeV/BTAG_JET_TRACK_SEL.yoda/BTAG_JET_TRACK_SEL/K_ChargedParticlePVDz_BottomJets
RatioPlot=1
Legend=1
XLabel=$d_{z}(CP,PV)$
YLabel=Normalized to Unity
LogY=1
NormalizeToSum=1
# END PLOT

# BEGIN HISTOGRAM /nfs/dust/cms/user/shwillia/BTV/Apr15/MC_Pythia6_QCD_Pt-50to80_MuEnrichedPt5_TuneZ2star_13TeV/BTAG_JET_TRACK_SEL.yoda/BTAG_JET_TRACK_SEL/K_ChargedParticlePVDz_BottomJets
LineColor={[HTML]{EE3311}}
LineStyle=solid
Path=/nfs/dust/cms/user/shwillia/BTV/Apr15/MC_Pythia6_QCD_Pt-50to80_MuEnrichedPt5_TuneZ2star_13TeV/BTAG_JET_TRACK_SEL.yoda/BTAG_JET_TRACK_SEL/K_ChargedParticlePVDz_BottomJets
Title=BTAG_JET_TRACK_SEL
XLabel=
YLabel=
# xlow	 xhigh	 val	 errminus	 errplus
0.000000e+00	2.000000e-01	4.406835e+06	4.694057e+03	4.694057e+03
2.000000e-01	4.000000e-01	4.591750e+05	1.515215e+03	1.515215e+03
4.000000e-01	6.000000e-01	1.801200e+05	9.489995e+02	9.489995e+02
6.000000e-01	8.000000e-01	8.598500e+04	6.556867e+02	6.556867e+02
8.000000e-01	1.000000e+00	4.585500e+04	4.788267e+02	4.788267e+02
1.000000e+00	1.200000e+00	2.642500e+04	3.634900e+02	3.634900e+02
1.200000e+00	1.400000e+00	1.608000e+04	2.835489e+02	2.835489e+02
1.400000e+00	1.600000e+00	1.044500e+04	2.285279e+02	2.285279e+02
1.600000e+00	1.800000e+00	7.000000e+03	1.870829e+02	1.870829e+02
1.800000e+00	2.000000e+00	4.825000e+03	1.553222e+02	1.553222e+02
2.000000e+00	2.200000e+00	3.215000e+03	1.267872e+02	1.267872e+02
2.200000e+00	2.400000e+00	2.230000e+03	1.055936e+02	1.055936e+02
2.400000e+00	2.600000e+00	1.590000e+03	8.916277e+01	8.916277e+01
2.600000e+00	2.800000e+00	1.285000e+03	8.015610e+01	8.015610e+01
2.800000e+00	3.000000e+00	8.250000e+02	6.422616e+01	6.422616e+01
3.000000e+00	3.200000e+00	6.000000e+02	5.477226e+01	5.477226e+01
3.200000e+00	3.400000e+00	4.950000e+02	4.974937e+01	4.974937e+01
3.400000e+00	3.600000e+00	3.200000e+02	4.000000e+01	4.000000e+01
3.600000e+00	3.800000e+00	2.800000e+02	3.741657e+01	3.741657e+01
3.800000e+00	4.000000e+00	3.200000e+02	4.000000e+01	4.000000e+01
4.000000e+00	4.200000e+00	2.250000e+02	3.354102e+01	3.354102e+01
4.200000e+00	4.400000e+00	1.250000e+02	2.500000e+01	2.500000e+01
4.400000e+00	4.600000e+00	1.150000e+02	2.397916e+01	2.397916e+01
4.600000e+00	4.800000e+00	8.500000e+01	2.061553e+01	2.061553e+01
4.800000e+00	5.000000e+00	8.500000e+01	2.061553e+01	2.061553e+01
5.000000e+00	5.200000e+00	4.500000e+01	1.500000e+01	1.500000e+01
5.200000e+00	5.400000e+00	5.000000e+01	1.581139e+01	1.581139e+01
5.400000e+00	5.600000e+00	3.500000e+01	1.322876e+01	1.322876e+01
5.600000e+00	5.800000e+00	3.000000e+01	1.224745e+01	1.224745e+01
5.800000e+00	6.000000e+00	1.500000e+01	8.660254e+00	8.660254e+00
6.000000e+00	6.200000e+00	4.000000e+01	1.414214e+01	1.414214e+01
6.200000e+00	6.400000e+00	1.500000e+01	8.660254e+00	8.660254e+00
6.400000e+00	6.600000e+00	1.000000e+01	7.071068e+00	7.071068e+00
6.600000e+00	6.800000e+00	1.000000e+01	7.071068e+00	7.071068e+00
6.800000e+00	7.000000e+00	1.000000e+01	7.071068e+00	7.071068e+00
7.000000e+00	7.200000e+00	5.000000e+00	5.000000e+00	5.000000e+00
7.200000e+00	7.400000e+00	1.000000e+01	7.071068e+00	7.071068e+00
7.400000e+00	7.600000e+00	1.500000e+01	8.660254e+00	8.660254e+00
7.600000e+00	7.800000e+00	1.000000e+01	7.071068e+00	7.071068e+00
7.800000e+00	8.000000e+00	0.000000e+00	0.000000e+00	0.000000e+00
8.000000e+00	8.200000e+00	0.000000e+00	0.000000e+00	0.000000e+00
8.200000e+00	8.400000e+00	0.000000e+00	0.000000e+00	0.000000e+00
8.400000e+00	8.600000e+00	5.000000e+00	5.000000e+00	5.000000e+00
8.600000e+00	8.800000e+00	0.000000e+00	0.000000e+00	0.000000e+00
8.800000e+00	9.000000e+00	1.000000e+01	7.071068e+00	7.071068e+00
9.000000e+00	9.200000e+00	1.500000e+01	8.660254e+00	8.660254e+00
9.200000e+00	9.400000e+00	0.000000e+00	0.000000e+00	0.000000e+00
9.400000e+00	9.600000e+00	5.000000e+00	5.000000e+00	5.000000e+00
9.600000e+00	9.800000e+00	5.000000e+00	5.000000e+00	5.000000e+00
9.800000e+00	1.000000e+01	5.000000e+00	5.000000e+00	5.000000e+00
# END HISTOGRAM

# BEGIN HISTOGRAM /nfs/dust/cms/user/shwillia/BTV/Apr15/MC_Pythia8_QCD_Pt-50to80_MuEnrichedPt5_Tune4C_13TeV/BTAG_JET_TRACK_SEL.yoda/BTAG_JET_TRACK_SEL/K_ChargedParticlePVDz_BottomJets
LineColor={[HTML]{3366FF}}
LineStyle=solid
Path=/nfs/dust/cms/user/shwillia/BTV/Apr15/MC_Pythia8_QCD_Pt-50to80_MuEnrichedPt5_Tune4C_13TeV/BTAG_JET_TRACK_SEL.yoda/BTAG_JET_TRACK_SEL/K_ChargedParticlePVDz_BottomJets
Title=BTAG_JET_TRACK_SEL
XLabel=
YLabel=
# xlow	 xhigh	 val	 errminus	 errplus
0.000000e+00	2.000000e-01	2.015510e+07	1.003870e+04	1.003870e+04
2.000000e-01	4.000000e-01	2.159365e+06	3.285852e+03	3.285852e+03
4.000000e-01	6.000000e-01	8.520900e+05	2.064086e+03	2.064086e+03
6.000000e-01	8.000000e-01	4.031000e+05	1.419683e+03	1.419683e+03
8.000000e-01	1.000000e+00	2.143600e+05	1.035278e+03	1.035278e+03
1.000000e+00	1.200000e+00	1.245400e+05	7.891134e+02	7.891134e+02
1.200000e+00	1.400000e+00	7.774000e+04	6.234581e+02	6.234581e+02
1.400000e+00	1.600000e+00	4.876000e+04	4.937611e+02	4.937611e+02
1.600000e+00	1.800000e+00	3.159000e+04	3.974292e+02	3.974292e+02
1.800000e+00	2.000000e+00	2.207500e+04	3.322273e+02	3.322273e+02
2.000000e+00	2.200000e+00	1.551000e+04	2.784780e+02	2.784780e+02
2.200000e+00	2.400000e+00	1.118500e+04	2.364847e+02	2.364847e+02
2.400000e+00	2.600000e+00	7.920000e+03	1.989975e+02	1.989975e+02
2.600000e+00	2.800000e+00	5.700000e+03	1.688194e+02	1.688194e+02
2.800000e+00	3.000000e+00	4.295000e+03	1.465435e+02	1.465435e+02
3.000000e+00	3.200000e+00	3.525000e+03	1.327592e+02	1.327592e+02
3.200000e+00	3.400000e+00	2.590000e+03	1.137981e+02	1.137981e+02
3.400000e+00	3.600000e+00	2.060000e+03	1.014889e+02	1.014889e+02
3.600000e+00	3.800000e+00	1.335000e+03	8.170067e+01	8.170067e+01
3.800000e+00	4.000000e+00	1.370000e+03	8.276473e+01	8.276473e+01
4.000000e+00	4.200000e+00	8.950000e+02	6.689544e+01	6.689544e+01
4.200000e+00	4.400000e+00	7.950000e+02	6.304760e+01	6.304760e+01
4.400000e+00	4.600000e+00	6.400000e+02	5.656854e+01	5.656854e+01
4.600000e+00	4.800000e+00	5.450000e+02	5.220153e+01	5.220153e+01
4.800000e+00	5.000000e+00	5.550000e+02	5.267827e+01	5.267827e+01
5.000000e+00	5.200000e+00	3.350000e+02	4.092676e+01	4.092676e+01
5.200000e+00	5.400000e+00	3.150000e+02	3.968627e+01	3.968627e+01
5.400000e+00	5.600000e+00	2.400000e+02	3.464102e+01	3.464102e+01
5.600000e+00	5.800000e+00	2.350000e+02	3.427827e+01	3.427827e+01
5.800000e+00	6.000000e+00	1.600000e+02	2.828427e+01	2.828427e+01
6.000000e+00	6.200000e+00	1.650000e+02	2.872281e+01	2.872281e+01
6.200000e+00	6.400000e+00	1.200000e+02	2.449490e+01	2.449490e+01
6.400000e+00	6.600000e+00	1.100000e+02	2.345208e+01	2.345208e+01
6.600000e+00	6.800000e+00	8.000000e+01	2.000000e+01	2.000000e+01
6.800000e+00	7.000000e+00	4.000000e+01	1.414214e+01	1.414214e+01
7.000000e+00	7.200000e+00	4.000000e+01	1.414214e+01	1.414214e+01
7.200000e+00	7.400000e+00	4.000000e+01	1.414214e+01	1.414214e+01
7.400000e+00	7.600000e+00	7.000000e+01	1.870829e+01	1.870829e+01
7.600000e+00	7.800000e+00	4.500000e+01	1.500000e+01	1.500000e+01
7.800000e+00	8.000000e+00	3.000000e+01	1.224745e+01	1.224745e+01
8.000000e+00	8.200000e+00	2.500000e+01	1.118034e+01	1.118034e+01
8.200000e+00	8.400000e+00	3.500000e+01	1.322876e+01	1.322876e+01
8.400000e+00	8.600000e+00	2.500000e+01	1.118034e+01	1.118034e+01
8.600000e+00	8.800000e+00	1.500000e+01	8.660254e+00	8.660254e+00
8.800000e+00	9.000000e+00	1.500000e+01	8.660254e+00	8.660254e+00
9.000000e+00	9.200000e+00	2.000000e+01	1.000000e+01	1.000000e+01
9.200000e+00	9.400000e+00	4.500000e+01	1.500000e+01	1.500000e+01
9.400000e+00	9.600000e+00	1.500000e+01	8.660254e+00	8.660254e+00
9.600000e+00	9.800000e+00	1.500000e+01	8.660254e+00	8.660254e+00
9.800000e+00	1.000000e+01	2.500000e+01	1.118034e+01	1.118034e+01
# END HISTOGRAM

# BEGIN HISTOGRAM /nfs/dust/cms/user/shwillia/BTV/Apr15/MC_Pythia8_QCD_Pt-50to80_MuEnrichedPt5_PionKaonDecay_Tune4C_13TeV/BTAG_JET_TRACK_SEL.yoda/BTAG_JET_TRACK_SEL/K_ChargedParticlePVDz_BottomJets
LineColor={[HTML]{109618}}
LineStyle=solid
Path=/nfs/dust/cms/user/shwillia/BTV/Apr15/MC_Pythia8_QCD_Pt-50to80_MuEnrichedPt5_PionKaonDecay_Tune4C_13TeV/BTAG_JET_TRACK_SEL.yoda/BTAG_JET_TRACK_SEL/K_ChargedParticlePVDz_BottomJets
Title=BTAG_JET_TRACK_SEL
XLabel=
YLabel=
# xlow	 xhigh	 val	 errminus	 errplus
0.000000e+00	2.000000e-01	2.962392e+07	1.217044e+04	1.217044e+04
2.000000e-01	4.000000e-01	3.158860e+06	3.974204e+03	3.974204e+03
4.000000e-01	6.000000e-01	1.252135e+06	2.502134e+03	2.502134e+03
6.000000e-01	8.000000e-01	5.949950e+05	1.724812e+03	1.724812e+03
8.000000e-01	1.000000e+00	3.186250e+05	1.262191e+03	1.262191e+03
1.000000e+00	1.200000e+00	1.857000e+05	9.635870e+02	9.635870e+02
1.200000e+00	1.400000e+00	1.122550e+05	7.491829e+02	7.491829e+02
1.400000e+00	1.600000e+00	7.190000e+04	5.995832e+02	5.995832e+02
1.600000e+00	1.800000e+00	4.873500e+04	4.936345e+02	4.936345e+02
1.800000e+00	2.000000e+00	3.269000e+04	4.042895e+02	4.042895e+02
2.000000e+00	2.200000e+00	2.281500e+04	3.377499e+02	3.377499e+02
2.200000e+00	2.400000e+00	1.641000e+04	2.864437e+02	2.864437e+02
2.400000e+00	2.600000e+00	1.205500e+04	2.455097e+02	2.455097e+02
2.600000e+00	2.800000e+00	8.780000e+03	2.095233e+02	2.095233e+02
2.800000e+00	3.000000e+00	6.860000e+03	1.852026e+02	1.852026e+02
3.000000e+00	3.200000e+00	4.970000e+03	1.576388e+02	1.576388e+02
3.200000e+00	3.400000e+00	3.685000e+03	1.357387e+02	1.357387e+02
3.400000e+00	3.600000e+00	3.005000e+03	1.225765e+02	1.225765e+02
3.600000e+00	3.800000e+00	2.225000e+03	1.054751e+02	1.054751e+02
3.800000e+00	4.000000e+00	2.100000e+03	1.024695e+02	1.024695e+02
4.000000e+00	4.200000e+00	1.470000e+03	8.573214e+01	8.573214e+01
4.200000e+00	4.400000e+00	1.260000e+03	7.937254e+01	7.937254e+01
4.400000e+00	4.600000e+00	1.090000e+03	7.382412e+01	7.382412e+01
4.600000e+00	4.800000e+00	9.100000e+02	6.745369e+01	6.745369e+01
4.800000e+00	5.000000e+00	6.550000e+02	5.722762e+01	5.722762e+01
5.000000e+00	5.200000e+00	5.300000e+02	5.147815e+01	5.147815e+01
5.200000e+00	5.400000e+00	4.450000e+02	4.716991e+01	4.716991e+01
5.400000e+00	5.600000e+00	4.350000e+02	4.663690e+01	4.663690e+01
5.600000e+00	5.800000e+00	3.150000e+02	3.968627e+01	3.968627e+01
5.800000e+00	6.000000e+00	2.750000e+02	3.708099e+01	3.708099e+01
6.000000e+00	6.200000e+00	2.150000e+02	3.278719e+01	3.278719e+01
6.200000e+00	6.400000e+00	2.300000e+02	3.391165e+01	3.391165e+01
6.400000e+00	6.600000e+00	1.700000e+02	2.915476e+01	2.915476e+01
6.600000e+00	6.800000e+00	1.500000e+02	2.738613e+01	2.738613e+01
6.800000e+00	7.000000e+00	1.500000e+02	2.738613e+01	2.738613e+01
7.000000e+00	7.200000e+00	1.000000e+02	2.236068e+01	2.236068e+01
7.200000e+00	7.400000e+00	9.000000e+01	2.121320e+01	2.121320e+01
7.400000e+00	7.600000e+00	8.500000e+01	2.061553e+01	2.061553e+01
7.600000e+00	7.800000e+00	4.000000e+01	1.414214e+01	1.414214e+01
7.800000e+00	8.000000e+00	6.500000e+01	1.802776e+01	1.802776e+01
8.000000e+00	8.200000e+00	3.500000e+01	1.322876e+01	1.322876e+01
8.200000e+00	8.400000e+00	6.500000e+01	1.802776e+01	1.802776e+01
8.400000e+00	8.600000e+00	4.000000e+01	1.414214e+01	1.414214e+01
8.600000e+00	8.800000e+00	2.000000e+01	1.000000e+01	1.000000e+01
8.800000e+00	9.000000e+00	3.000000e+01	1.224745e+01	1.224745e+01
9.000000e+00	9.200000e+00	2.500000e+01	1.118034e+01	1.118034e+01
9.200000e+00	9.400000e+00	2.500000e+01	1.118034e+01	1.118034e+01
9.400000e+00	9.600000e+00	3.000000e+01	1.224745e+01	1.224745e+01
9.600000e+00	9.800000e+00	1.500000e+01	8.660254e+00	8.660254e+00
9.800000e+00	1.000000e+01	2.500000e+01	1.118034e+01	1.118034e+01
# END HISTOGRAM

