# BEGIN PLOT
DrawOnly=/nfs/dust/cms/user/shwillia/BTV/Apr15/MC_Pythia6_QCD_Pt-50to80_MuEnrichedPt5_TuneZ2star_13TeV/BTAG_JET_TRACK_SEL.yoda/BTAG_JET_TRACK_SEL/L_ChargedParticlePCAPVD_LightJets /nfs/dust/cms/user/shwillia/BTV/Apr15/MC_Pythia8_QCD_Pt-50to80_MuEnrichedPt5_Tune4C_13TeV/BTAG_JET_TRACK_SEL.yoda/BTAG_JET_TRACK_SEL/L_ChargedParticlePCAPVD_LightJets /nfs/dust/cms/user/shwillia/BTV/Apr15/MC_Pythia8_QCD_Pt-50to80_MuEnrichedPt5_PionKaonDecay_Tune4C_13TeV/BTAG_JET_TRACK_SEL.yoda/BTAG_JET_TRACK_SEL/L_ChargedParticlePCAPVD_LightJets
RatioPlotReference=/nfs/dust/cms/user/shwillia/BTV/Apr15/MC_Pythia6_QCD_Pt-50to80_MuEnrichedPt5_TuneZ2star_13TeV/BTAG_JET_TRACK_SEL.yoda/BTAG_JET_TRACK_SEL/L_ChargedParticlePCAPVD_LightJets
RatioPlot=1
Legend=1
XLabel=$d(PV,PCA(CP,Jet))$
YLabel=Normalized to Unity
LogY=1
NormalizeToSum=1
# END PLOT

# BEGIN HISTOGRAM /nfs/dust/cms/user/shwillia/BTV/Apr15/MC_Pythia6_QCD_Pt-50to80_MuEnrichedPt5_TuneZ2star_13TeV/BTAG_JET_TRACK_SEL.yoda/BTAG_JET_TRACK_SEL/L_ChargedParticlePCAPVD_LightJets
LineColor={[HTML]{EE3311}}
LineStyle=solid
Path=/nfs/dust/cms/user/shwillia/BTV/Apr15/MC_Pythia6_QCD_Pt-50to80_MuEnrichedPt5_TuneZ2star_13TeV/BTAG_JET_TRACK_SEL.yoda/BTAG_JET_TRACK_SEL/L_ChargedParticlePCAPVD_LightJets
Title=BTAG_JET_TRACK_SEL
XLabel=
YLabel=
# xlow	 xhigh	 val	 errminus	 errplus
0.000000e+00	2.000000e+00	1.786809e+06	9.452008e+02	9.452008e+02
2.000000e+00	4.000000e+00	7.745500e+03	6.223142e+01	6.223142e+01
4.000000e+00	6.000000e+00	5.371500e+03	5.182422e+01	5.182422e+01
6.000000e+00	8.000000e+00	4.082000e+03	4.517743e+01	4.517743e+01
8.000000e+00	1.000000e+01	3.326000e+03	4.077990e+01	4.077990e+01
1.000000e+01	1.200000e+01	2.739500e+03	3.701013e+01	3.701013e+01
1.200000e+01	1.400000e+01	2.316500e+03	3.403307e+01	3.403307e+01
1.400000e+01	1.600000e+01	1.990500e+03	3.154758e+01	3.154758e+01
1.600000e+01	1.800000e+01	1.803000e+03	3.002499e+01	3.002499e+01
1.800000e+01	2.000000e+01	1.579000e+03	2.809804e+01	2.809804e+01
2.000000e+01	2.200000e+01	1.395500e+03	2.641496e+01	2.641496e+01
2.200000e+01	2.400000e+01	1.248500e+03	2.498500e+01	2.498500e+01
2.400000e+01	2.600000e+01	1.131000e+03	2.378024e+01	2.378024e+01
2.600000e+01	2.800000e+01	1.025500e+03	2.264398e+01	2.264398e+01
2.800000e+01	3.000000e+01	9.115000e+02	2.134830e+01	2.134830e+01
3.000000e+01	3.200000e+01	8.700000e+02	2.085665e+01	2.085665e+01
3.200000e+01	3.400000e+01	8.035000e+02	2.004370e+01	2.004370e+01
3.400000e+01	3.600000e+01	6.915000e+02	1.859435e+01	1.859435e+01
3.600000e+01	3.800000e+01	6.725000e+02	1.833712e+01	1.833712e+01
3.800000e+01	4.000000e+01	6.440000e+02	1.794436e+01	1.794436e+01
4.000000e+01	4.200000e+01	6.015000e+02	1.734215e+01	1.734215e+01
4.200000e+01	4.400000e+01	5.745000e+02	1.694845e+01	1.694845e+01
4.400000e+01	4.600000e+01	5.150000e+02	1.604681e+01	1.604681e+01
4.600000e+01	4.800000e+01	4.995000e+02	1.580348e+01	1.580348e+01
4.800000e+01	5.000000e+01	4.555000e+02	1.509139e+01	1.509139e+01
5.000000e+01	5.200000e+01	0.000000e+00	0.000000e+00	0.000000e+00
5.200000e+01	5.400000e+01	0.000000e+00	0.000000e+00	0.000000e+00
5.400000e+01	5.600000e+01	0.000000e+00	0.000000e+00	0.000000e+00
5.600000e+01	5.800000e+01	0.000000e+00	0.000000e+00	0.000000e+00
5.800000e+01	6.000000e+01	0.000000e+00	0.000000e+00	0.000000e+00
6.000000e+01	6.200000e+01	0.000000e+00	0.000000e+00	0.000000e+00
6.200000e+01	6.400000e+01	0.000000e+00	0.000000e+00	0.000000e+00
6.400000e+01	6.600000e+01	0.000000e+00	0.000000e+00	0.000000e+00
6.600000e+01	6.800000e+01	0.000000e+00	0.000000e+00	0.000000e+00
6.800000e+01	7.000000e+01	0.000000e+00	0.000000e+00	0.000000e+00
7.000000e+01	7.200000e+01	0.000000e+00	0.000000e+00	0.000000e+00
7.200000e+01	7.400000e+01	0.000000e+00	0.000000e+00	0.000000e+00
7.400000e+01	7.600000e+01	0.000000e+00	0.000000e+00	0.000000e+00
7.600000e+01	7.800000e+01	0.000000e+00	0.000000e+00	0.000000e+00
7.800000e+01	8.000000e+01	0.000000e+00	0.000000e+00	0.000000e+00
8.000000e+01	8.200000e+01	0.000000e+00	0.000000e+00	0.000000e+00
8.200000e+01	8.400000e+01	0.000000e+00	0.000000e+00	0.000000e+00
8.400000e+01	8.600000e+01	0.000000e+00	0.000000e+00	0.000000e+00
8.600000e+01	8.800000e+01	0.000000e+00	0.000000e+00	0.000000e+00
8.800000e+01	9.000000e+01	0.000000e+00	0.000000e+00	0.000000e+00
9.000000e+01	9.200000e+01	0.000000e+00	0.000000e+00	0.000000e+00
9.200000e+01	9.400000e+01	0.000000e+00	0.000000e+00	0.000000e+00
9.400000e+01	9.600000e+01	0.000000e+00	0.000000e+00	0.000000e+00
9.600000e+01	9.800000e+01	0.000000e+00	0.000000e+00	0.000000e+00
9.800000e+01	1.000000e+02	0.000000e+00	0.000000e+00	0.000000e+00
# END HISTOGRAM

# BEGIN HISTOGRAM /nfs/dust/cms/user/shwillia/BTV/Apr15/MC_Pythia8_QCD_Pt-50to80_MuEnrichedPt5_Tune4C_13TeV/BTAG_JET_TRACK_SEL.yoda/BTAG_JET_TRACK_SEL/L_ChargedParticlePCAPVD_LightJets
LineColor={[HTML]{3366FF}}
LineStyle=solid
Path=/nfs/dust/cms/user/shwillia/BTV/Apr15/MC_Pythia8_QCD_Pt-50to80_MuEnrichedPt5_Tune4C_13TeV/BTAG_JET_TRACK_SEL.yoda/BTAG_JET_TRACK_SEL/L_ChargedParticlePCAPVD_LightJets
Title=BTAG_JET_TRACK_SEL
XLabel=
YLabel=
# xlow	 xhigh	 val	 errminus	 errplus
0.000000e+00	2.000000e+00	4.206818e+06	1.450313e+03	1.450313e+03
2.000000e+00	4.000000e+00	3.468250e+04	1.316862e+02	1.316862e+02
4.000000e+00	6.000000e+00	2.326550e+04	1.078552e+02	1.078552e+02
6.000000e+00	8.000000e+00	1.709250e+04	9.244593e+01	9.244593e+01
8.000000e+00	1.000000e+01	1.334150e+04	8.167466e+01	8.167466e+01
1.000000e+01	1.200000e+01	1.078400e+04	7.343024e+01	7.343024e+01
1.200000e+01	1.400000e+01	8.944500e+03	6.687488e+01	6.687488e+01
1.400000e+01	1.600000e+01	7.641500e+03	6.181222e+01	6.181222e+01
1.600000e+01	1.800000e+01	6.237500e+03	5.584577e+01	5.584577e+01
1.800000e+01	2.000000e+01	5.413500e+03	5.202644e+01	5.202644e+01
2.000000e+01	2.200000e+01	4.673000e+03	4.833736e+01	4.833736e+01
2.200000e+01	2.400000e+01	4.029000e+03	4.488318e+01	4.488318e+01
2.400000e+01	2.600000e+01	3.534500e+03	4.203867e+01	4.203867e+01
2.600000e+01	2.800000e+01	3.135000e+03	3.959167e+01	3.959167e+01
2.800000e+01	3.000000e+01	2.780000e+03	3.728270e+01	3.728270e+01
3.000000e+01	3.200000e+01	2.435000e+03	3.489269e+01	3.489269e+01
3.200000e+01	3.400000e+01	2.096000e+03	3.237283e+01	3.237283e+01
3.400000e+01	3.600000e+01	1.938500e+03	3.113278e+01	3.113278e+01
3.600000e+01	3.800000e+01	1.695500e+03	2.911615e+01	2.911615e+01
3.800000e+01	4.000000e+01	1.580000e+03	2.810694e+01	2.810694e+01
4.000000e+01	4.200000e+01	1.434000e+03	2.677686e+01	2.677686e+01
4.200000e+01	4.400000e+01	1.287000e+03	2.536730e+01	2.536730e+01
4.400000e+01	4.600000e+01	1.129000e+03	2.375921e+01	2.375921e+01
4.600000e+01	4.800000e+01	1.045500e+03	2.286373e+01	2.286373e+01
4.800000e+01	5.000000e+01	9.800000e+02	2.213594e+01	2.213594e+01
5.000000e+01	5.200000e+01	0.000000e+00	0.000000e+00	0.000000e+00
5.200000e+01	5.400000e+01	0.000000e+00	0.000000e+00	0.000000e+00
5.400000e+01	5.600000e+01	0.000000e+00	0.000000e+00	0.000000e+00
5.600000e+01	5.800000e+01	0.000000e+00	0.000000e+00	0.000000e+00
5.800000e+01	6.000000e+01	0.000000e+00	0.000000e+00	0.000000e+00
6.000000e+01	6.200000e+01	0.000000e+00	0.000000e+00	0.000000e+00
6.200000e+01	6.400000e+01	0.000000e+00	0.000000e+00	0.000000e+00
6.400000e+01	6.600000e+01	0.000000e+00	0.000000e+00	0.000000e+00
6.600000e+01	6.800000e+01	0.000000e+00	0.000000e+00	0.000000e+00
6.800000e+01	7.000000e+01	0.000000e+00	0.000000e+00	0.000000e+00
7.000000e+01	7.200000e+01	0.000000e+00	0.000000e+00	0.000000e+00
7.200000e+01	7.400000e+01	0.000000e+00	0.000000e+00	0.000000e+00
7.400000e+01	7.600000e+01	0.000000e+00	0.000000e+00	0.000000e+00
7.600000e+01	7.800000e+01	0.000000e+00	0.000000e+00	0.000000e+00
7.800000e+01	8.000000e+01	0.000000e+00	0.000000e+00	0.000000e+00
8.000000e+01	8.200000e+01	0.000000e+00	0.000000e+00	0.000000e+00
8.200000e+01	8.400000e+01	0.000000e+00	0.000000e+00	0.000000e+00
8.400000e+01	8.600000e+01	0.000000e+00	0.000000e+00	0.000000e+00
8.600000e+01	8.800000e+01	0.000000e+00	0.000000e+00	0.000000e+00
8.800000e+01	9.000000e+01	0.000000e+00	0.000000e+00	0.000000e+00
9.000000e+01	9.200000e+01	0.000000e+00	0.000000e+00	0.000000e+00
9.200000e+01	9.400000e+01	0.000000e+00	0.000000e+00	0.000000e+00
9.400000e+01	9.600000e+01	0.000000e+00	0.000000e+00	0.000000e+00
9.600000e+01	9.800000e+01	0.000000e+00	0.000000e+00	0.000000e+00
9.800000e+01	1.000000e+02	0.000000e+00	0.000000e+00	0.000000e+00
# END HISTOGRAM

# BEGIN HISTOGRAM /nfs/dust/cms/user/shwillia/BTV/Apr15/MC_Pythia8_QCD_Pt-50to80_MuEnrichedPt5_PionKaonDecay_Tune4C_13TeV/BTAG_JET_TRACK_SEL.yoda/BTAG_JET_TRACK_SEL/L_ChargedParticlePCAPVD_LightJets
LineColor={[HTML]{109618}}
LineStyle=solid
Path=/nfs/dust/cms/user/shwillia/BTV/Apr15/MC_Pythia8_QCD_Pt-50to80_MuEnrichedPt5_PionKaonDecay_Tune4C_13TeV/BTAG_JET_TRACK_SEL.yoda/BTAG_JET_TRACK_SEL/L_ChargedParticlePCAPVD_LightJets
Title=BTAG_JET_TRACK_SEL
XLabel=
YLabel=
# xlow	 xhigh	 val	 errminus	 errplus
0.000000e+00	2.000000e+00	1.281006e+07	2.530816e+03	2.530816e+03
2.000000e+00	4.000000e+00	6.053300e+04	1.739727e+02	1.739727e+02
4.000000e+00	6.000000e+00	4.150750e+04	1.440616e+02	1.440616e+02
6.000000e+00	8.000000e+00	3.150050e+04	1.255000e+02	1.255000e+02
8.000000e+00	1.000000e+01	2.511650e+04	1.120636e+02	1.120636e+02
1.000000e+01	1.200000e+01	2.099900e+04	1.024671e+02	1.024671e+02
1.200000e+01	1.400000e+01	1.765200e+04	9.394679e+01	9.394679e+01
1.400000e+01	1.600000e+01	1.517050e+04	8.709334e+01	8.709334e+01
1.600000e+01	1.800000e+01	1.333150e+04	8.164404e+01	8.164404e+01
1.800000e+01	2.000000e+01	1.167150e+04	7.639208e+01	7.639208e+01
2.000000e+01	2.200000e+01	1.045350e+04	7.229627e+01	7.229627e+01
2.200000e+01	2.400000e+01	9.243500e+03	6.798345e+01	6.798345e+01
2.400000e+01	2.600000e+01	8.316000e+03	6.448256e+01	6.448256e+01
2.600000e+01	2.800000e+01	7.571500e+03	6.152845e+01	6.152845e+01
2.800000e+01	3.000000e+01	6.873500e+03	5.862380e+01	5.862380e+01
3.000000e+01	3.200000e+01	6.190500e+03	5.563497e+01	5.563497e+01
3.200000e+01	3.400000e+01	5.803000e+03	5.386557e+01	5.386557e+01
3.400000e+01	3.600000e+01	5.364500e+03	5.179044e+01	5.179044e+01
3.600000e+01	3.800000e+01	4.945000e+03	4.972424e+01	4.972424e+01
3.800000e+01	4.000000e+01	4.543000e+03	4.766026e+01	4.766026e+01
4.000000e+01	4.200000e+01	4.321000e+03	4.648118e+01	4.648118e+01
4.200000e+01	4.400000e+01	3.925000e+03	4.430011e+01	4.430011e+01
4.400000e+01	4.600000e+01	3.707000e+03	4.305229e+01	4.305229e+01
4.600000e+01	4.800000e+01	3.485500e+03	4.174626e+01	4.174626e+01
4.800000e+01	5.000000e+01	3.339000e+03	4.085952e+01	4.085952e+01
5.000000e+01	5.200000e+01	0.000000e+00	0.000000e+00	0.000000e+00
5.200000e+01	5.400000e+01	0.000000e+00	0.000000e+00	0.000000e+00
5.400000e+01	5.600000e+01	0.000000e+00	0.000000e+00	0.000000e+00
5.600000e+01	5.800000e+01	0.000000e+00	0.000000e+00	0.000000e+00
5.800000e+01	6.000000e+01	0.000000e+00	0.000000e+00	0.000000e+00
6.000000e+01	6.200000e+01	0.000000e+00	0.000000e+00	0.000000e+00
6.200000e+01	6.400000e+01	0.000000e+00	0.000000e+00	0.000000e+00
6.400000e+01	6.600000e+01	0.000000e+00	0.000000e+00	0.000000e+00
6.600000e+01	6.800000e+01	0.000000e+00	0.000000e+00	0.000000e+00
6.800000e+01	7.000000e+01	0.000000e+00	0.000000e+00	0.000000e+00
7.000000e+01	7.200000e+01	0.000000e+00	0.000000e+00	0.000000e+00
7.200000e+01	7.400000e+01	0.000000e+00	0.000000e+00	0.000000e+00
7.400000e+01	7.600000e+01	0.000000e+00	0.000000e+00	0.000000e+00
7.600000e+01	7.800000e+01	0.000000e+00	0.000000e+00	0.000000e+00
7.800000e+01	8.000000e+01	0.000000e+00	0.000000e+00	0.000000e+00
8.000000e+01	8.200000e+01	0.000000e+00	0.000000e+00	0.000000e+00
8.200000e+01	8.400000e+01	0.000000e+00	0.000000e+00	0.000000e+00
8.400000e+01	8.600000e+01	0.000000e+00	0.000000e+00	0.000000e+00
8.600000e+01	8.800000e+01	0.000000e+00	0.000000e+00	0.000000e+00
8.800000e+01	9.000000e+01	0.000000e+00	0.000000e+00	0.000000e+00
9.000000e+01	9.200000e+01	0.000000e+00	0.000000e+00	0.000000e+00
9.200000e+01	9.400000e+01	0.000000e+00	0.000000e+00	0.000000e+00
9.400000e+01	9.600000e+01	0.000000e+00	0.000000e+00	0.000000e+00
9.600000e+01	9.800000e+01	0.000000e+00	0.000000e+00	0.000000e+00
9.800000e+01	1.000000e+02	0.000000e+00	0.000000e+00	0.000000e+00
# END HISTOGRAM

