# BEGIN PLOT
DrawOnly=/nfs/dust/cms/user/shwillia/BTV/Apr15/MC_Pythia6_QCD_Pt-50to80_MuEnrichedPt5_TuneZ2star_13TeV/BTAG_JET_TRACK_SEL.yoda/BTAG_JET_TRACK_SEL/L_ChargedParticlePCAPVD_CharmJets /nfs/dust/cms/user/shwillia/BTV/Apr15/MC_Pythia8_QCD_Pt-50to80_MuEnrichedPt5_Tune4C_13TeV/BTAG_JET_TRACK_SEL.yoda/BTAG_JET_TRACK_SEL/L_ChargedParticlePCAPVD_CharmJets /nfs/dust/cms/user/shwillia/BTV/Apr15/MC_Pythia8_QCD_Pt-50to80_MuEnrichedPt5_PionKaonDecay_Tune4C_13TeV/BTAG_JET_TRACK_SEL.yoda/BTAG_JET_TRACK_SEL/L_ChargedParticlePCAPVD_CharmJets
RatioPlotReference=/nfs/dust/cms/user/shwillia/BTV/Apr15/MC_Pythia6_QCD_Pt-50to80_MuEnrichedPt5_TuneZ2star_13TeV/BTAG_JET_TRACK_SEL.yoda/BTAG_JET_TRACK_SEL/L_ChargedParticlePCAPVD_CharmJets
RatioPlot=1
Legend=1
XLabel=$d(PV,PCA(CP,Jet))$
YLabel=Normalized to Unity
LogY=1
NormalizeToSum=1
# END PLOT

# BEGIN HISTOGRAM /nfs/dust/cms/user/shwillia/BTV/Apr15/MC_Pythia6_QCD_Pt-50to80_MuEnrichedPt5_TuneZ2star_13TeV/BTAG_JET_TRACK_SEL.yoda/BTAG_JET_TRACK_SEL/L_ChargedParticlePCAPVD_CharmJets
LineColor={[HTML]{EE3311}}
LineStyle=solid
Path=/nfs/dust/cms/user/shwillia/BTV/Apr15/MC_Pythia6_QCD_Pt-50to80_MuEnrichedPt5_TuneZ2star_13TeV/BTAG_JET_TRACK_SEL.yoda/BTAG_JET_TRACK_SEL/L_ChargedParticlePCAPVD_CharmJets
Title=BTAG_JET_TRACK_SEL
XLabel=
YLabel=
# xlow	 xhigh	 val	 errminus	 errplus
0.000000e+00	2.000000e+00	3.599255e+05	4.242202e+02	4.242202e+02
2.000000e+00	4.000000e+00	3.852000e+04	1.387804e+02	1.387804e+02
4.000000e+00	6.000000e+00	2.276150e+04	1.066806e+02	1.066806e+02
6.000000e+00	8.000000e+00	1.480100e+04	8.602616e+01	8.602616e+01
8.000000e+00	1.000000e+01	1.042650e+04	7.220284e+01	7.220284e+01
1.000000e+01	1.200000e+01	7.550500e+03	6.144306e+01	6.144306e+01
1.200000e+01	1.400000e+01	5.713500e+03	5.344857e+01	5.344857e+01
1.400000e+01	1.600000e+01	4.400500e+03	4.690682e+01	4.690682e+01
1.600000e+01	1.800000e+01	3.500500e+03	4.183599e+01	4.183599e+01
1.800000e+01	2.000000e+01	2.884000e+03	3.797368e+01	3.797368e+01
2.000000e+01	2.200000e+01	2.256000e+03	3.358571e+01	3.358571e+01
2.200000e+01	2.400000e+01	1.949000e+03	3.121698e+01	3.121698e+01
2.400000e+01	2.600000e+01	1.617000e+03	2.843413e+01	2.843413e+01
2.600000e+01	2.800000e+01	1.417000e+03	2.661766e+01	2.661766e+01
2.800000e+01	3.000000e+01	1.196000e+03	2.445404e+01	2.445404e+01
3.000000e+01	3.200000e+01	1.022000e+03	2.260531e+01	2.260531e+01
3.200000e+01	3.400000e+01	8.535000e+02	2.065793e+01	2.065793e+01
3.400000e+01	3.600000e+01	7.705000e+02	1.962779e+01	1.962779e+01
3.600000e+01	3.800000e+01	6.685000e+02	1.828251e+01	1.828251e+01
3.800000e+01	4.000000e+01	6.225000e+02	1.764228e+01	1.764228e+01
4.000000e+01	4.200000e+01	5.460000e+02	1.652271e+01	1.652271e+01
4.200000e+01	4.400000e+01	5.125000e+02	1.600781e+01	1.600781e+01
4.400000e+01	4.600000e+01	4.890000e+02	1.563650e+01	1.563650e+01
4.600000e+01	4.800000e+01	4.040000e+02	1.421267e+01	1.421267e+01
4.800000e+01	5.000000e+01	3.340000e+02	1.292285e+01	1.292285e+01
5.000000e+01	5.200000e+01	0.000000e+00	0.000000e+00	0.000000e+00
5.200000e+01	5.400000e+01	0.000000e+00	0.000000e+00	0.000000e+00
5.400000e+01	5.600000e+01	0.000000e+00	0.000000e+00	0.000000e+00
5.600000e+01	5.800000e+01	0.000000e+00	0.000000e+00	0.000000e+00
5.800000e+01	6.000000e+01	0.000000e+00	0.000000e+00	0.000000e+00
6.000000e+01	6.200000e+01	0.000000e+00	0.000000e+00	0.000000e+00
6.200000e+01	6.400000e+01	0.000000e+00	0.000000e+00	0.000000e+00
6.400000e+01	6.600000e+01	0.000000e+00	0.000000e+00	0.000000e+00
6.600000e+01	6.800000e+01	0.000000e+00	0.000000e+00	0.000000e+00
6.800000e+01	7.000000e+01	0.000000e+00	0.000000e+00	0.000000e+00
7.000000e+01	7.200000e+01	0.000000e+00	0.000000e+00	0.000000e+00
7.200000e+01	7.400000e+01	0.000000e+00	0.000000e+00	0.000000e+00
7.400000e+01	7.600000e+01	0.000000e+00	0.000000e+00	0.000000e+00
7.600000e+01	7.800000e+01	0.000000e+00	0.000000e+00	0.000000e+00
7.800000e+01	8.000000e+01	0.000000e+00	0.000000e+00	0.000000e+00
8.000000e+01	8.200000e+01	0.000000e+00	0.000000e+00	0.000000e+00
8.200000e+01	8.400000e+01	0.000000e+00	0.000000e+00	0.000000e+00
8.400000e+01	8.600000e+01	0.000000e+00	0.000000e+00	0.000000e+00
8.600000e+01	8.800000e+01	0.000000e+00	0.000000e+00	0.000000e+00
8.800000e+01	9.000000e+01	0.000000e+00	0.000000e+00	0.000000e+00
9.000000e+01	9.200000e+01	0.000000e+00	0.000000e+00	0.000000e+00
9.200000e+01	9.400000e+01	0.000000e+00	0.000000e+00	0.000000e+00
9.400000e+01	9.600000e+01	0.000000e+00	0.000000e+00	0.000000e+00
9.600000e+01	9.800000e+01	0.000000e+00	0.000000e+00	0.000000e+00
9.800000e+01	1.000000e+02	0.000000e+00	0.000000e+00	0.000000e+00
# END HISTOGRAM

# BEGIN HISTOGRAM /nfs/dust/cms/user/shwillia/BTV/Apr15/MC_Pythia8_QCD_Pt-50to80_MuEnrichedPt5_Tune4C_13TeV/BTAG_JET_TRACK_SEL.yoda/BTAG_JET_TRACK_SEL/L_ChargedParticlePCAPVD_CharmJets
LineColor={[HTML]{3366FF}}
LineStyle=solid
Path=/nfs/dust/cms/user/shwillia/BTV/Apr15/MC_Pythia8_QCD_Pt-50to80_MuEnrichedPt5_Tune4C_13TeV/BTAG_JET_TRACK_SEL.yoda/BTAG_JET_TRACK_SEL/L_ChargedParticlePCAPVD_CharmJets
Title=BTAG_JET_TRACK_SEL
XLabel=
YLabel=
# xlow	 xhigh	 val	 errminus	 errplus
0.000000e+00	2.000000e+00	1.522020e+06	8.723589e+02	8.723589e+02
2.000000e+00	4.000000e+00	1.712370e+05	2.926064e+02	2.926064e+02
4.000000e+00	6.000000e+00	1.057970e+05	2.299967e+02	2.299967e+02
6.000000e+00	8.000000e+00	7.043800e+04	1.876673e+02	1.876673e+02
8.000000e+00	1.000000e+01	5.054550e+04	1.589741e+02	1.589741e+02
1.000000e+01	1.200000e+01	3.770550e+04	1.373053e+02	1.373053e+02
1.200000e+01	1.400000e+01	2.874100e+04	1.198770e+02	1.198770e+02
1.400000e+01	1.600000e+01	2.238250e+04	1.057887e+02	1.057887e+02
1.600000e+01	1.800000e+01	1.783900e+04	9.444310e+01	9.444310e+01
1.800000e+01	2.000000e+01	1.446300e+04	8.503823e+01	8.503823e+01
2.000000e+01	2.200000e+01	1.197250e+04	7.737086e+01	7.737086e+01
2.200000e+01	2.400000e+01	1.001400e+04	7.076016e+01	7.076016e+01
2.400000e+01	2.600000e+01	8.344000e+03	6.459102e+01	6.459102e+01
2.600000e+01	2.800000e+01	6.998500e+03	5.915446e+01	5.915446e+01
2.800000e+01	3.000000e+01	6.027000e+03	5.489535e+01	5.489535e+01
3.000000e+01	3.200000e+01	5.155500e+03	5.077155e+01	5.077155e+01
3.200000e+01	3.400000e+01	4.464000e+03	4.724405e+01	4.724405e+01
3.400000e+01	3.600000e+01	3.905500e+03	4.418993e+01	4.418993e+01
3.600000e+01	3.800000e+01	3.433000e+03	4.143066e+01	4.143066e+01
3.800000e+01	4.000000e+01	3.016500e+03	3.883619e+01	3.883619e+01
4.000000e+01	4.200000e+01	2.673500e+03	3.656159e+01	3.656159e+01
4.200000e+01	4.400000e+01	2.340500e+03	3.420892e+01	3.420892e+01
4.400000e+01	4.600000e+01	2.025000e+03	3.181981e+01	3.181981e+01
4.600000e+01	4.800000e+01	1.897000e+03	3.079773e+01	3.079773e+01
4.800000e+01	5.000000e+01	1.673000e+03	2.892231e+01	2.892231e+01
5.000000e+01	5.200000e+01	0.000000e+00	0.000000e+00	0.000000e+00
5.200000e+01	5.400000e+01	0.000000e+00	0.000000e+00	0.000000e+00
5.400000e+01	5.600000e+01	0.000000e+00	0.000000e+00	0.000000e+00
5.600000e+01	5.800000e+01	0.000000e+00	0.000000e+00	0.000000e+00
5.800000e+01	6.000000e+01	0.000000e+00	0.000000e+00	0.000000e+00
6.000000e+01	6.200000e+01	0.000000e+00	0.000000e+00	0.000000e+00
6.200000e+01	6.400000e+01	0.000000e+00	0.000000e+00	0.000000e+00
6.400000e+01	6.600000e+01	0.000000e+00	0.000000e+00	0.000000e+00
6.600000e+01	6.800000e+01	0.000000e+00	0.000000e+00	0.000000e+00
6.800000e+01	7.000000e+01	0.000000e+00	0.000000e+00	0.000000e+00
7.000000e+01	7.200000e+01	0.000000e+00	0.000000e+00	0.000000e+00
7.200000e+01	7.400000e+01	0.000000e+00	0.000000e+00	0.000000e+00
7.400000e+01	7.600000e+01	0.000000e+00	0.000000e+00	0.000000e+00
7.600000e+01	7.800000e+01	0.000000e+00	0.000000e+00	0.000000e+00
7.800000e+01	8.000000e+01	0.000000e+00	0.000000e+00	0.000000e+00
8.000000e+01	8.200000e+01	0.000000e+00	0.000000e+00	0.000000e+00
8.200000e+01	8.400000e+01	0.000000e+00	0.000000e+00	0.000000e+00
8.400000e+01	8.600000e+01	0.000000e+00	0.000000e+00	0.000000e+00
8.600000e+01	8.800000e+01	0.000000e+00	0.000000e+00	0.000000e+00
8.800000e+01	9.000000e+01	0.000000e+00	0.000000e+00	0.000000e+00
9.000000e+01	9.200000e+01	0.000000e+00	0.000000e+00	0.000000e+00
9.200000e+01	9.400000e+01	0.000000e+00	0.000000e+00	0.000000e+00
9.400000e+01	9.600000e+01	0.000000e+00	0.000000e+00	0.000000e+00
9.600000e+01	9.800000e+01	0.000000e+00	0.000000e+00	0.000000e+00
9.800000e+01	1.000000e+02	0.000000e+00	0.000000e+00	0.000000e+00
# END HISTOGRAM

# BEGIN HISTOGRAM /nfs/dust/cms/user/shwillia/BTV/Apr15/MC_Pythia8_QCD_Pt-50to80_MuEnrichedPt5_PionKaonDecay_Tune4C_13TeV/BTAG_JET_TRACK_SEL.yoda/BTAG_JET_TRACK_SEL/L_ChargedParticlePCAPVD_CharmJets
LineColor={[HTML]{109618}}
LineStyle=solid
Path=/nfs/dust/cms/user/shwillia/BTV/Apr15/MC_Pythia8_QCD_Pt-50to80_MuEnrichedPt5_PionKaonDecay_Tune4C_13TeV/BTAG_JET_TRACK_SEL.yoda/BTAG_JET_TRACK_SEL/L_ChargedParticlePCAPVD_CharmJets
Title=BTAG_JET_TRACK_SEL
XLabel=
YLabel=
# xlow	 xhigh	 val	 errminus	 errplus
0.000000e+00	2.000000e+00	2.617804e+06	1.144073e+03	1.144073e+03
2.000000e+00	4.000000e+00	2.772700e+05	3.723372e+02	3.723372e+02
4.000000e+00	6.000000e+00	1.681245e+05	2.899349e+02	2.899349e+02
6.000000e+00	8.000000e+00	1.119625e+05	2.366036e+02	2.366036e+02
8.000000e+00	1.000000e+01	8.011150e+04	2.001393e+02	2.001393e+02
1.000000e+01	1.200000e+01	5.918500e+04	1.720247e+02	1.720247e+02
1.200000e+01	1.400000e+01	4.523950e+04	1.503986e+02	1.503986e+02
1.400000e+01	1.600000e+01	3.562250e+04	1.334588e+02	1.334588e+02
1.600000e+01	1.800000e+01	2.827900e+04	1.189096e+02	1.189096e+02
1.800000e+01	2.000000e+01	2.295250e+04	1.071273e+02	1.071273e+02
2.000000e+01	2.200000e+01	1.894300e+04	9.732163e+01	9.732163e+01
2.200000e+01	2.400000e+01	1.574050e+04	8.871443e+01	8.871443e+01
2.400000e+01	2.600000e+01	1.341450e+04	8.189780e+01	8.189780e+01
2.600000e+01	2.800000e+01	1.144800e+04	7.565712e+01	7.565712e+01
2.800000e+01	3.000000e+01	9.754000e+03	6.983552e+01	6.983552e+01
3.000000e+01	3.200000e+01	8.547000e+03	6.537201e+01	6.537201e+01
3.200000e+01	3.400000e+01	7.402500e+03	6.083790e+01	6.083790e+01
3.400000e+01	3.600000e+01	6.494500e+03	5.698465e+01	5.698465e+01
3.600000e+01	3.800000e+01	5.703000e+03	5.339944e+01	5.339944e+01
3.800000e+01	4.000000e+01	5.141500e+03	5.070256e+01	5.070256e+01
4.000000e+01	4.200000e+01	4.560000e+03	4.774935e+01	4.774935e+01
4.200000e+01	4.400000e+01	4.028000e+03	4.487761e+01	4.487761e+01
4.400000e+01	4.600000e+01	3.655000e+03	4.274927e+01	4.274927e+01
4.600000e+01	4.800000e+01	3.289500e+03	4.055552e+01	4.055552e+01
4.800000e+01	5.000000e+01	3.076500e+03	3.922053e+01	3.922053e+01
5.000000e+01	5.200000e+01	0.000000e+00	0.000000e+00	0.000000e+00
5.200000e+01	5.400000e+01	0.000000e+00	0.000000e+00	0.000000e+00
5.400000e+01	5.600000e+01	0.000000e+00	0.000000e+00	0.000000e+00
5.600000e+01	5.800000e+01	0.000000e+00	0.000000e+00	0.000000e+00
5.800000e+01	6.000000e+01	0.000000e+00	0.000000e+00	0.000000e+00
6.000000e+01	6.200000e+01	0.000000e+00	0.000000e+00	0.000000e+00
6.200000e+01	6.400000e+01	0.000000e+00	0.000000e+00	0.000000e+00
6.400000e+01	6.600000e+01	0.000000e+00	0.000000e+00	0.000000e+00
6.600000e+01	6.800000e+01	0.000000e+00	0.000000e+00	0.000000e+00
6.800000e+01	7.000000e+01	0.000000e+00	0.000000e+00	0.000000e+00
7.000000e+01	7.200000e+01	0.000000e+00	0.000000e+00	0.000000e+00
7.200000e+01	7.400000e+01	0.000000e+00	0.000000e+00	0.000000e+00
7.400000e+01	7.600000e+01	0.000000e+00	0.000000e+00	0.000000e+00
7.600000e+01	7.800000e+01	0.000000e+00	0.000000e+00	0.000000e+00
7.800000e+01	8.000000e+01	0.000000e+00	0.000000e+00	0.000000e+00
8.000000e+01	8.200000e+01	0.000000e+00	0.000000e+00	0.000000e+00
8.200000e+01	8.400000e+01	0.000000e+00	0.000000e+00	0.000000e+00
8.400000e+01	8.600000e+01	0.000000e+00	0.000000e+00	0.000000e+00
8.600000e+01	8.800000e+01	0.000000e+00	0.000000e+00	0.000000e+00
8.800000e+01	9.000000e+01	0.000000e+00	0.000000e+00	0.000000e+00
9.000000e+01	9.200000e+01	0.000000e+00	0.000000e+00	0.000000e+00
9.200000e+01	9.400000e+01	0.000000e+00	0.000000e+00	0.000000e+00
9.400000e+01	9.600000e+01	0.000000e+00	0.000000e+00	0.000000e+00
9.600000e+01	9.800000e+01	0.000000e+00	0.000000e+00	0.000000e+00
9.800000e+01	1.000000e+02	0.000000e+00	0.000000e+00	0.000000e+00
# END HISTOGRAM

