# BEGIN PLOT
DrawOnly=/nfs/dust/cms/user/shwillia/BTV/Apr15/MC_Pythia6_QCD_Pt-50to80_MuEnrichedPt5_TuneZ2star_13TeV/BTAG_JET_TRACK_SEL.yoda/BTAG_JET_TRACK_SEL/O_NChargedParticlesSecVertex_BottomJets /nfs/dust/cms/user/shwillia/BTV/Apr15/MC_Pythia8_QCD_Pt-50to80_MuEnrichedPt5_Tune4C_13TeV/BTAG_JET_TRACK_SEL.yoda/BTAG_JET_TRACK_SEL/O_NChargedParticlesSecVertex_BottomJets /nfs/dust/cms/user/shwillia/BTV/Apr15/MC_Pythia8_QCD_Pt-50to80_MuEnrichedPt5_PionKaonDecay_Tune4C_13TeV/BTAG_JET_TRACK_SEL.yoda/BTAG_JET_TRACK_SEL/O_NChargedParticlesSecVertex_BottomJets
RatioPlotReference=/nfs/dust/cms/user/shwillia/BTV/Apr15/MC_Pythia6_QCD_Pt-50to80_MuEnrichedPt5_TuneZ2star_13TeV/BTAG_JET_TRACK_SEL.yoda/BTAG_JET_TRACK_SEL/O_NChargedParticlesSecVertex_BottomJets
RatioPlot=1
Legend=1
XLabel=$N(Vertex\;CP)$
YLabel=Normalized to Unity
LogY=1
NormalizeToSum=1
# END PLOT

# BEGIN HISTOGRAM /nfs/dust/cms/user/shwillia/BTV/Apr15/MC_Pythia6_QCD_Pt-50to80_MuEnrichedPt5_TuneZ2star_13TeV/BTAG_JET_TRACK_SEL.yoda/BTAG_JET_TRACK_SEL/O_NChargedParticlesSecVertex_BottomJets
LineColor={[HTML]{EE3311}}
LineStyle=solid
Path=/nfs/dust/cms/user/shwillia/BTV/Apr15/MC_Pythia6_QCD_Pt-50to80_MuEnrichedPt5_TuneZ2star_13TeV/BTAG_JET_TRACK_SEL.yoda/BTAG_JET_TRACK_SEL/O_NChargedParticlesSecVertex_BottomJets
Title=BTAG_JET_TRACK_SEL
XLabel=
YLabel=
# xlow	 xhigh	 val	 errminus	 errplus
0.000000e+00	1.000000e+00	3.534900e+04	1.880133e+02	1.880133e+02
1.000000e+00	2.000000e+00	2.789400e+04	1.670150e+02	1.670150e+02
2.000000e+00	3.000000e+00	4.563500e+04	2.136235e+02	2.136235e+02
3.000000e+00	4.000000e+00	4.890800e+04	2.211515e+02	2.211515e+02
4.000000e+00	5.000000e+00	3.949700e+04	1.987385e+02	1.987385e+02
5.000000e+00	6.000000e+00	2.280200e+04	1.510033e+02	1.510033e+02
6.000000e+00	7.000000e+00	1.355300e+04	1.164174e+02	1.164174e+02
7.000000e+00	8.000000e+00	6.811000e+03	8.252878e+01	8.252878e+01
8.000000e+00	9.000000e+00	3.426000e+03	5.853204e+01	5.853204e+01
9.000000e+00	1.000000e+01	1.528000e+03	3.908964e+01	3.908964e+01
1.000000e+01	1.100000e+01	7.370000e+02	2.714774e+01	2.714774e+01
1.100000e+01	1.200000e+01	2.550000e+02	1.596872e+01	1.596872e+01
1.200000e+01	1.300000e+01	1.030000e+02	1.014889e+01	1.014889e+01
1.300000e+01	1.400000e+01	4.400000e+01	6.633250e+00	6.633250e+00
1.400000e+01	1.500000e+01	1.500000e+01	3.872983e+00	3.872983e+00
1.500000e+01	1.600000e+01	5.000000e+00	2.236068e+00	2.236068e+00
1.600000e+01	1.700000e+01	2.000000e+00	1.414214e+00	1.414214e+00
1.700000e+01	1.800000e+01	0.000000e+00	0.000000e+00	0.000000e+00
1.800000e+01	1.900000e+01	0.000000e+00	0.000000e+00	0.000000e+00
1.900000e+01	2.000000e+01	0.000000e+00	0.000000e+00	0.000000e+00
2.000000e+01	2.100000e+01	0.000000e+00	0.000000e+00	0.000000e+00
2.100000e+01	2.200000e+01	0.000000e+00	0.000000e+00	0.000000e+00
2.200000e+01	2.300000e+01	0.000000e+00	0.000000e+00	0.000000e+00
2.300000e+01	2.400000e+01	0.000000e+00	0.000000e+00	0.000000e+00
2.400000e+01	2.500000e+01	0.000000e+00	0.000000e+00	0.000000e+00
2.500000e+01	2.600000e+01	0.000000e+00	0.000000e+00	0.000000e+00
2.600000e+01	2.700000e+01	0.000000e+00	0.000000e+00	0.000000e+00
2.700000e+01	2.800000e+01	0.000000e+00	0.000000e+00	0.000000e+00
2.800000e+01	2.900000e+01	0.000000e+00	0.000000e+00	0.000000e+00
2.900000e+01	3.000000e+01	0.000000e+00	0.000000e+00	0.000000e+00
# END HISTOGRAM

# BEGIN HISTOGRAM /nfs/dust/cms/user/shwillia/BTV/Apr15/MC_Pythia8_QCD_Pt-50to80_MuEnrichedPt5_Tune4C_13TeV/BTAG_JET_TRACK_SEL.yoda/BTAG_JET_TRACK_SEL/O_NChargedParticlesSecVertex_BottomJets
LineColor={[HTML]{3366FF}}
LineStyle=solid
Path=/nfs/dust/cms/user/shwillia/BTV/Apr15/MC_Pythia8_QCD_Pt-50to80_MuEnrichedPt5_Tune4C_13TeV/BTAG_JET_TRACK_SEL.yoda/BTAG_JET_TRACK_SEL/O_NChargedParticlesSecVertex_BottomJets
Title=BTAG_JET_TRACK_SEL
XLabel=
YLabel=
# xlow	 xhigh	 val	 errminus	 errplus
0.000000e+00	1.000000e+00	1.716160e+05	4.142656e+02	4.142656e+02
1.000000e+00	2.000000e+00	1.498410e+05	3.870930e+02	3.870930e+02
2.000000e+00	3.000000e+00	2.295790e+05	4.791440e+02	4.791440e+02
3.000000e+00	4.000000e+00	2.367260e+05	4.865450e+02	4.865450e+02
4.000000e+00	5.000000e+00	1.812000e+05	4.256759e+02	4.256759e+02
5.000000e+00	6.000000e+00	1.035300e+05	3.217608e+02	3.217608e+02
6.000000e+00	7.000000e+00	5.965100e+04	2.442355e+02	2.442355e+02
7.000000e+00	8.000000e+00	2.820100e+04	1.679315e+02	1.679315e+02
8.000000e+00	9.000000e+00	1.429500e+04	1.195617e+02	1.195617e+02
9.000000e+00	1.000000e+01	5.815000e+03	7.625615e+01	7.625615e+01
1.000000e+01	1.100000e+01	2.723000e+03	5.218237e+01	5.218237e+01
1.100000e+01	1.200000e+01	1.021000e+03	3.195309e+01	3.195309e+01
1.200000e+01	1.300000e+01	4.450000e+02	2.109502e+01	2.109502e+01
1.300000e+01	1.400000e+01	1.510000e+02	1.228821e+01	1.228821e+01
1.400000e+01	1.500000e+01	5.100000e+01	7.141428e+00	7.141428e+00
1.500000e+01	1.600000e+01	2.300000e+01	4.795832e+00	4.795832e+00
1.600000e+01	1.700000e+01	7.000000e+00	2.645751e+00	2.645751e+00
1.700000e+01	1.800000e+01	1.000000e+00	1.000000e+00	1.000000e+00
1.800000e+01	1.900000e+01	2.000000e+00	1.414214e+00	1.414214e+00
1.900000e+01	2.000000e+01	0.000000e+00	0.000000e+00	0.000000e+00
2.000000e+01	2.100000e+01	0.000000e+00	0.000000e+00	0.000000e+00
2.100000e+01	2.200000e+01	0.000000e+00	0.000000e+00	0.000000e+00
2.200000e+01	2.300000e+01	0.000000e+00	0.000000e+00	0.000000e+00
2.300000e+01	2.400000e+01	0.000000e+00	0.000000e+00	0.000000e+00
2.400000e+01	2.500000e+01	0.000000e+00	0.000000e+00	0.000000e+00
2.500000e+01	2.600000e+01	0.000000e+00	0.000000e+00	0.000000e+00
2.600000e+01	2.700000e+01	0.000000e+00	0.000000e+00	0.000000e+00
2.700000e+01	2.800000e+01	0.000000e+00	0.000000e+00	0.000000e+00
2.800000e+01	2.900000e+01	0.000000e+00	0.000000e+00	0.000000e+00
2.900000e+01	3.000000e+01	0.000000e+00	0.000000e+00	0.000000e+00
# END HISTOGRAM

# BEGIN HISTOGRAM /nfs/dust/cms/user/shwillia/BTV/Apr15/MC_Pythia8_QCD_Pt-50to80_MuEnrichedPt5_PionKaonDecay_Tune4C_13TeV/BTAG_JET_TRACK_SEL.yoda/BTAG_JET_TRACK_SEL/O_NChargedParticlesSecVertex_BottomJets
LineColor={[HTML]{109618}}
LineStyle=solid
Path=/nfs/dust/cms/user/shwillia/BTV/Apr15/MC_Pythia8_QCD_Pt-50to80_MuEnrichedPt5_PionKaonDecay_Tune4C_13TeV/BTAG_JET_TRACK_SEL.yoda/BTAG_JET_TRACK_SEL/O_NChargedParticlesSecVertex_BottomJets
Title=BTAG_JET_TRACK_SEL
XLabel=
YLabel=
# xlow	 xhigh	 val	 errminus	 errplus
0.000000e+00	1.000000e+00	2.857860e+05	5.345896e+02	5.345896e+02
1.000000e+00	2.000000e+00	2.340930e+05	4.838316e+02	4.838316e+02
2.000000e+00	3.000000e+00	3.480070e+05	5.899212e+02	5.899212e+02
3.000000e+00	4.000000e+00	3.478340e+05	5.897745e+02	5.897745e+02
4.000000e+00	5.000000e+00	2.610400e+05	5.109207e+02	5.109207e+02
5.000000e+00	6.000000e+00	1.517150e+05	3.895061e+02	3.895061e+02
6.000000e+00	7.000000e+00	8.546400e+04	2.923423e+02	2.923423e+02
7.000000e+00	8.000000e+00	4.073200e+04	2.018217e+02	2.018217e+02
8.000000e+00	9.000000e+00	2.004500e+04	1.415804e+02	1.415804e+02
9.000000e+00	1.000000e+01	8.590000e+03	9.268225e+01	9.268225e+01
1.000000e+01	1.100000e+01	3.624000e+03	6.019967e+01	6.019967e+01
1.100000e+01	1.200000e+01	1.436000e+03	3.789459e+01	3.789459e+01
1.200000e+01	1.300000e+01	6.170000e+02	2.483948e+01	2.483948e+01
1.300000e+01	1.400000e+01	2.300000e+02	1.516575e+01	1.516575e+01
1.400000e+01	1.500000e+01	7.000000e+01	8.366600e+00	8.366600e+00
1.500000e+01	1.600000e+01	2.600000e+01	5.099020e+00	5.099020e+00
1.600000e+01	1.700000e+01	6.000000e+00	2.449490e+00	2.449490e+00
1.700000e+01	1.800000e+01	1.000000e+00	1.000000e+00	1.000000e+00
1.800000e+01	1.900000e+01	0.000000e+00	0.000000e+00	0.000000e+00
1.900000e+01	2.000000e+01	0.000000e+00	0.000000e+00	0.000000e+00
2.000000e+01	2.100000e+01	0.000000e+00	0.000000e+00	0.000000e+00
2.100000e+01	2.200000e+01	0.000000e+00	0.000000e+00	0.000000e+00
2.200000e+01	2.300000e+01	0.000000e+00	0.000000e+00	0.000000e+00
2.300000e+01	2.400000e+01	0.000000e+00	0.000000e+00	0.000000e+00
2.400000e+01	2.500000e+01	0.000000e+00	0.000000e+00	0.000000e+00
2.500000e+01	2.600000e+01	0.000000e+00	0.000000e+00	0.000000e+00
2.600000e+01	2.700000e+01	0.000000e+00	0.000000e+00	0.000000e+00
2.700000e+01	2.800000e+01	0.000000e+00	0.000000e+00	0.000000e+00
2.800000e+01	2.900000e+01	0.000000e+00	0.000000e+00	0.000000e+00
2.900000e+01	3.000000e+01	0.000000e+00	0.000000e+00	0.000000e+00
# END HISTOGRAM

