# BEGIN PLOT
DrawOnly=/nfs/dust/cms/user/shwillia/BTV/Apr15/MC_Pythia6_QCD_Pt-50to80_MuEnrichedPt5_TuneZ2star_13TeV/BTAG_JET_TRACK_SEL.yoda/BTAG_JET_TRACK_SEL/O_NChargedParticlesSecVertex_LightJets /nfs/dust/cms/user/shwillia/BTV/Apr15/MC_Pythia8_QCD_Pt-50to80_MuEnrichedPt5_Tune4C_13TeV/BTAG_JET_TRACK_SEL.yoda/BTAG_JET_TRACK_SEL/O_NChargedParticlesSecVertex_LightJets /nfs/dust/cms/user/shwillia/BTV/Apr15/MC_Pythia8_QCD_Pt-50to80_MuEnrichedPt5_PionKaonDecay_Tune4C_13TeV/BTAG_JET_TRACK_SEL.yoda/BTAG_JET_TRACK_SEL/O_NChargedParticlesSecVertex_LightJets
RatioPlotReference=/nfs/dust/cms/user/shwillia/BTV/Apr15/MC_Pythia6_QCD_Pt-50to80_MuEnrichedPt5_TuneZ2star_13TeV/BTAG_JET_TRACK_SEL.yoda/BTAG_JET_TRACK_SEL/O_NChargedParticlesSecVertex_LightJets
RatioPlot=1
Legend=1
XLabel=$N(Vertex\;CP)$
YLabel=Normalized to Unity
LogY=1
NormalizeToSum=1
# END PLOT

# BEGIN HISTOGRAM /nfs/dust/cms/user/shwillia/BTV/Apr15/MC_Pythia6_QCD_Pt-50to80_MuEnrichedPt5_TuneZ2star_13TeV/BTAG_JET_TRACK_SEL.yoda/BTAG_JET_TRACK_SEL/O_NChargedParticlesSecVertex_LightJets
LineColor={[HTML]{EE3311}}
LineStyle=solid
Path=/nfs/dust/cms/user/shwillia/BTV/Apr15/MC_Pythia6_QCD_Pt-50to80_MuEnrichedPt5_TuneZ2star_13TeV/BTAG_JET_TRACK_SEL.yoda/BTAG_JET_TRACK_SEL/O_NChargedParticlesSecVertex_LightJets
Title=BTAG_JET_TRACK_SEL
XLabel=
YLabel=
# xlow	 xhigh	 val	 errminus	 errplus
0.000000e+00	1.000000e+00	7.709430e+05	8.780336e+02	8.780336e+02
1.000000e+00	2.000000e+00	2.674900e+04	1.635512e+02	1.635512e+02
2.000000e+00	3.000000e+00	1.120800e+04	1.058678e+02	1.058678e+02
3.000000e+00	4.000000e+00	5.524000e+03	7.432362e+01	7.432362e+01
4.000000e+00	5.000000e+00	4.595000e+03	6.778643e+01	6.778643e+01
5.000000e+00	6.000000e+00	3.441000e+03	5.866004e+01	5.866004e+01
6.000000e+00	7.000000e+00	2.402000e+03	4.901020e+01	4.901020e+01
7.000000e+00	8.000000e+00	1.561000e+03	3.950949e+01	3.950949e+01
8.000000e+00	9.000000e+00	9.540000e+02	3.088689e+01	3.088689e+01
9.000000e+00	1.000000e+01	5.770000e+02	2.402082e+01	2.402082e+01
1.000000e+01	1.100000e+01	2.740000e+02	1.655295e+01	1.655295e+01
1.100000e+01	1.200000e+01	1.320000e+02	1.148913e+01	1.148913e+01
1.200000e+01	1.300000e+01	6.400000e+01	8.000000e+00	8.000000e+00
1.300000e+01	1.400000e+01	3.300000e+01	5.744563e+00	5.744563e+00
1.400000e+01	1.500000e+01	1.100000e+01	3.316625e+00	3.316625e+00
1.500000e+01	1.600000e+01	6.000000e+00	2.449490e+00	2.449490e+00
1.600000e+01	1.700000e+01	3.000000e+00	1.732051e+00	1.732051e+00
1.700000e+01	1.800000e+01	0.000000e+00	0.000000e+00	0.000000e+00
1.800000e+01	1.900000e+01	1.000000e+00	1.000000e+00	1.000000e+00
1.900000e+01	2.000000e+01	0.000000e+00	0.000000e+00	0.000000e+00
2.000000e+01	2.100000e+01	0.000000e+00	0.000000e+00	0.000000e+00
2.100000e+01	2.200000e+01	0.000000e+00	0.000000e+00	0.000000e+00
2.200000e+01	2.300000e+01	0.000000e+00	0.000000e+00	0.000000e+00
2.300000e+01	2.400000e+01	0.000000e+00	0.000000e+00	0.000000e+00
2.400000e+01	2.500000e+01	0.000000e+00	0.000000e+00	0.000000e+00
2.500000e+01	2.600000e+01	0.000000e+00	0.000000e+00	0.000000e+00
2.600000e+01	2.700000e+01	0.000000e+00	0.000000e+00	0.000000e+00
2.700000e+01	2.800000e+01	0.000000e+00	0.000000e+00	0.000000e+00
2.800000e+01	2.900000e+01	0.000000e+00	0.000000e+00	0.000000e+00
2.900000e+01	3.000000e+01	0.000000e+00	0.000000e+00	0.000000e+00
# END HISTOGRAM

# BEGIN HISTOGRAM /nfs/dust/cms/user/shwillia/BTV/Apr15/MC_Pythia8_QCD_Pt-50to80_MuEnrichedPt5_Tune4C_13TeV/BTAG_JET_TRACK_SEL.yoda/BTAG_JET_TRACK_SEL/O_NChargedParticlesSecVertex_LightJets
LineColor={[HTML]{3366FF}}
LineStyle=solid
Path=/nfs/dust/cms/user/shwillia/BTV/Apr15/MC_Pythia8_QCD_Pt-50to80_MuEnrichedPt5_Tune4C_13TeV/BTAG_JET_TRACK_SEL.yoda/BTAG_JET_TRACK_SEL/O_NChargedParticlesSecVertex_LightJets
Title=BTAG_JET_TRACK_SEL
XLabel=
YLabel=
# xlow	 xhigh	 val	 errminus	 errplus
0.000000e+00	1.000000e+00	1.914190e+06	1.383543e+03	1.383543e+03
1.000000e+00	2.000000e+00	4.647100e+04	2.155713e+02	2.155713e+02
2.000000e+00	3.000000e+00	2.985800e+04	1.727947e+02	1.727947e+02
3.000000e+00	4.000000e+00	2.188000e+04	1.479189e+02	1.479189e+02
4.000000e+00	5.000000e+00	1.819400e+04	1.348851e+02	1.348851e+02
5.000000e+00	6.000000e+00	1.445700e+04	1.202373e+02	1.202373e+02
6.000000e+00	7.000000e+00	1.052000e+04	1.025671e+02	1.025671e+02
7.000000e+00	8.000000e+00	7.267000e+03	8.524670e+01	8.524670e+01
8.000000e+00	9.000000e+00	4.489000e+03	6.700000e+01	6.700000e+01
9.000000e+00	1.000000e+01	2.523000e+03	5.022947e+01	5.022947e+01
1.000000e+01	1.100000e+01	1.448000e+03	3.805260e+01	3.805260e+01
1.100000e+01	1.200000e+01	6.880000e+02	2.622975e+01	2.622975e+01
1.200000e+01	1.300000e+01	3.300000e+02	1.816590e+01	1.816590e+01
1.300000e+01	1.400000e+01	1.600000e+02	1.264911e+01	1.264911e+01
1.400000e+01	1.500000e+01	5.700000e+01	7.549834e+00	7.549834e+00
1.500000e+01	1.600000e+01	3.500000e+01	5.916080e+00	5.916080e+00
1.600000e+01	1.700000e+01	7.000000e+00	2.645751e+00	2.645751e+00
1.700000e+01	1.800000e+01	5.000000e+00	2.236068e+00	2.236068e+00
1.800000e+01	1.900000e+01	0.000000e+00	0.000000e+00	0.000000e+00
1.900000e+01	2.000000e+01	0.000000e+00	0.000000e+00	0.000000e+00
2.000000e+01	2.100000e+01	0.000000e+00	0.000000e+00	0.000000e+00
2.100000e+01	2.200000e+01	0.000000e+00	0.000000e+00	0.000000e+00
2.200000e+01	2.300000e+01	0.000000e+00	0.000000e+00	0.000000e+00
2.300000e+01	2.400000e+01	0.000000e+00	0.000000e+00	0.000000e+00
2.400000e+01	2.500000e+01	0.000000e+00	0.000000e+00	0.000000e+00
2.500000e+01	2.600000e+01	0.000000e+00	0.000000e+00	0.000000e+00
2.600000e+01	2.700000e+01	0.000000e+00	0.000000e+00	0.000000e+00
2.700000e+01	2.800000e+01	0.000000e+00	0.000000e+00	0.000000e+00
2.800000e+01	2.900000e+01	0.000000e+00	0.000000e+00	0.000000e+00
2.900000e+01	3.000000e+01	0.000000e+00	0.000000e+00	0.000000e+00
# END HISTOGRAM

# BEGIN HISTOGRAM /nfs/dust/cms/user/shwillia/BTV/Apr15/MC_Pythia8_QCD_Pt-50to80_MuEnrichedPt5_PionKaonDecay_Tune4C_13TeV/BTAG_JET_TRACK_SEL.yoda/BTAG_JET_TRACK_SEL/O_NChargedParticlesSecVertex_LightJets
LineColor={[HTML]{109618}}
LineStyle=solid
Path=/nfs/dust/cms/user/shwillia/BTV/Apr15/MC_Pythia8_QCD_Pt-50to80_MuEnrichedPt5_PionKaonDecay_Tune4C_13TeV/BTAG_JET_TRACK_SEL.yoda/BTAG_JET_TRACK_SEL/O_NChargedParticlesSecVertex_LightJets
Title=BTAG_JET_TRACK_SEL
XLabel=
YLabel=
# xlow	 xhigh	 val	 errminus	 errplus
0.000000e+00	1.000000e+00	5.524571e+06	2.350441e+03	2.350441e+03
1.000000e+00	2.000000e+00	1.898000e+05	4.356604e+02	4.356604e+02
2.000000e+00	3.000000e+00	8.020700e+04	2.832084e+02	2.832084e+02
3.000000e+00	4.000000e+00	4.211500e+04	2.052194e+02	2.052194e+02
4.000000e+00	5.000000e+00	3.534200e+04	1.879947e+02	1.879947e+02
5.000000e+00	6.000000e+00	2.722200e+04	1.649909e+02	1.649909e+02
6.000000e+00	7.000000e+00	1.901800e+04	1.379058e+02	1.379058e+02
7.000000e+00	8.000000e+00	1.248600e+04	1.117408e+02	1.117408e+02
8.000000e+00	9.000000e+00	7.615000e+03	8.726397e+01	8.726397e+01
9.000000e+00	1.000000e+01	4.424000e+03	6.651316e+01	6.651316e+01
1.000000e+01	1.100000e+01	2.201000e+03	4.691482e+01	4.691482e+01
1.100000e+01	1.200000e+01	1.091000e+03	3.303029e+01	3.303029e+01
1.200000e+01	1.300000e+01	5.020000e+02	2.240536e+01	2.240536e+01
1.300000e+01	1.400000e+01	2.160000e+02	1.469694e+01	1.469694e+01
1.400000e+01	1.500000e+01	8.100000e+01	9.000000e+00	9.000000e+00
1.500000e+01	1.600000e+01	2.400000e+01	4.898979e+00	4.898979e+00
1.600000e+01	1.700000e+01	2.300000e+01	4.795832e+00	4.795832e+00
1.700000e+01	1.800000e+01	5.000000e+00	2.236068e+00	2.236068e+00
1.800000e+01	1.900000e+01	1.000000e+00	1.000000e+00	1.000000e+00
1.900000e+01	2.000000e+01	1.000000e+00	1.000000e+00	1.000000e+00
2.000000e+01	2.100000e+01	0.000000e+00	0.000000e+00	0.000000e+00
2.100000e+01	2.200000e+01	0.000000e+00	0.000000e+00	0.000000e+00
2.200000e+01	2.300000e+01	0.000000e+00	0.000000e+00	0.000000e+00
2.300000e+01	2.400000e+01	0.000000e+00	0.000000e+00	0.000000e+00
2.400000e+01	2.500000e+01	0.000000e+00	0.000000e+00	0.000000e+00
2.500000e+01	2.600000e+01	0.000000e+00	0.000000e+00	0.000000e+00
2.600000e+01	2.700000e+01	0.000000e+00	0.000000e+00	0.000000e+00
2.700000e+01	2.800000e+01	0.000000e+00	0.000000e+00	0.000000e+00
2.800000e+01	2.900000e+01	0.000000e+00	0.000000e+00	0.000000e+00
2.900000e+01	3.000000e+01	0.000000e+00	0.000000e+00	0.000000e+00
# END HISTOGRAM

