# BEGIN PLOT
DrawOnly=/nfs/dust/cms/user/shwillia/BTV/Apr15/MC_Pythia6_QCD_Pt-50to80_MuEnrichedPt5_TuneZ2star_13TeV/BTAG_JET_TRACK_SEL.yoda/BTAG_JET_TRACK_SEL/Q_SecVertexMass_AllJets /nfs/dust/cms/user/shwillia/BTV/Apr15/MC_Pythia8_QCD_Pt-50to80_MuEnrichedPt5_Tune4C_13TeV/BTAG_JET_TRACK_SEL.yoda/BTAG_JET_TRACK_SEL/Q_SecVertexMass_AllJets /nfs/dust/cms/user/shwillia/BTV/Apr15/MC_Pythia8_QCD_Pt-50to80_MuEnrichedPt5_PionKaonDecay_Tune4C_13TeV/BTAG_JET_TRACK_SEL.yoda/BTAG_JET_TRACK_SEL/Q_SecVertexMass_AllJets
RatioPlotReference=/nfs/dust/cms/user/shwillia/BTV/Apr15/MC_Pythia6_QCD_Pt-50to80_MuEnrichedPt5_TuneZ2star_13TeV/BTAG_JET_TRACK_SEL.yoda/BTAG_JET_TRACK_SEL/Q_SecVertexMass_AllJets
RatioPlot=1
Legend=1
XLabel=$M(Sec.\;Vertex)$
YLabel=Normalized to Unity
LogY=1
NormalizeToSum=1
# END PLOT

# BEGIN HISTOGRAM /nfs/dust/cms/user/shwillia/BTV/Apr15/MC_Pythia6_QCD_Pt-50to80_MuEnrichedPt5_TuneZ2star_13TeV/BTAG_JET_TRACK_SEL.yoda/BTAG_JET_TRACK_SEL/Q_SecVertexMass_AllJets
LineColor={[HTML]{EE3311}}
LineStyle=solid
Path=/nfs/dust/cms/user/shwillia/BTV/Apr15/MC_Pythia6_QCD_Pt-50to80_MuEnrichedPt5_TuneZ2star_13TeV/BTAG_JET_TRACK_SEL.yoda/BTAG_JET_TRACK_SEL/Q_SecVertexMass_AllJets
Title=BTAG_JET_TRACK_SEL
XLabel=
YLabel=
# xlow	 xhigh	 val	 errminus	 errplus
0.000000e+00	2.000000e-01	9.668650e+05	2.198710e+03	2.198710e+03
2.000000e-01	4.000000e-01	6.453000e+04	5.680229e+02	5.680229e+02
4.000000e-01	6.000000e-01	1.815000e+03	9.526279e+01	9.526279e+01
6.000000e-01	8.000000e-01	1.917500e+05	9.791578e+02	9.791578e+02
8.000000e-01	1.000000e+00	2.737800e+05	1.170000e+03	1.170000e+03
1.000000e+00	1.200000e+00	2.020850e+05	1.005199e+03	1.005199e+03
1.200000e+00	1.400000e+00	1.666900e+05	9.129348e+02	9.129348e+02
1.400000e+00	1.600000e+00	1.311850e+05	8.098920e+02	8.098920e+02
1.600000e+00	1.800000e+00	7.293500e+04	6.038833e+02	6.038833e+02
1.800000e+00	2.000000e+00	7.973000e+04	6.313874e+02	6.313874e+02
2.000000e+00	2.200000e+00	1.206500e+04	2.456115e+02	2.456115e+02
2.200000e+00	2.400000e+00	9.535000e+03	2.183461e+02	2.183461e+02
2.400000e+00	2.600000e+00	4.390000e+03	1.481553e+02	1.481553e+02
2.600000e+00	2.800000e+00	3.240000e+03	1.272792e+02	1.272792e+02
2.800000e+00	3.000000e+00	2.220000e+03	1.053565e+02	1.053565e+02
3.000000e+00	3.200000e+00	2.010000e+03	1.002497e+02	1.002497e+02
3.200000e+00	3.400000e+00	1.420000e+03	8.426150e+01	8.426150e+01
3.400000e+00	3.600000e+00	1.030000e+03	7.176350e+01	7.176350e+01
3.600000e+00	3.800000e+00	1.120000e+03	7.483315e+01	7.483315e+01
3.800000e+00	4.000000e+00	9.400000e+02	6.855655e+01	6.855655e+01
4.000000e+00	4.200000e+00	8.400000e+02	6.480741e+01	6.480741e+01
4.200000e+00	4.400000e+00	6.450000e+02	5.678908e+01	5.678908e+01
4.400000e+00	4.600000e+00	5.950000e+02	5.454356e+01	5.454356e+01
4.600000e+00	4.800000e+00	6.300000e+02	5.612486e+01	5.612486e+01
4.800000e+00	5.000000e+00	4.400000e+02	4.690416e+01	4.690416e+01
5.000000e+00	5.200000e+00	3.700000e+02	4.301163e+01	4.301163e+01
5.200000e+00	5.400000e+00	3.750000e+02	4.330127e+01	4.330127e+01
5.400000e+00	5.600000e+00	2.100000e+02	3.240370e+01	3.240370e+01
5.600000e+00	5.800000e+00	2.400000e+02	3.464102e+01	3.464102e+01
5.800000e+00	6.000000e+00	1.650000e+02	2.872281e+01	2.872281e+01
6.000000e+00	6.200000e+00	1.800000e+02	3.000000e+01	3.000000e+01
6.200000e+00	6.400000e+00	1.150000e+02	2.397916e+01	2.397916e+01
6.400000e+00	6.600000e+00	7.500000e+01	1.936492e+01	1.936492e+01
6.600000e+00	6.800000e+00	0.000000e+00	0.000000e+00	0.000000e+00
6.800000e+00	7.000000e+00	0.000000e+00	0.000000e+00	0.000000e+00
7.000000e+00	7.200000e+00	0.000000e+00	0.000000e+00	0.000000e+00
7.200000e+00	7.400000e+00	0.000000e+00	0.000000e+00	0.000000e+00
7.400000e+00	7.600000e+00	0.000000e+00	0.000000e+00	0.000000e+00
7.600000e+00	7.800000e+00	0.000000e+00	0.000000e+00	0.000000e+00
7.800000e+00	8.000000e+00	0.000000e+00	0.000000e+00	0.000000e+00
8.000000e+00	8.200000e+00	0.000000e+00	0.000000e+00	0.000000e+00
8.200000e+00	8.400000e+00	0.000000e+00	0.000000e+00	0.000000e+00
8.400000e+00	8.600000e+00	0.000000e+00	0.000000e+00	0.000000e+00
8.600000e+00	8.800000e+00	0.000000e+00	0.000000e+00	0.000000e+00
8.800000e+00	9.000000e+00	0.000000e+00	0.000000e+00	0.000000e+00
9.000000e+00	9.200000e+00	0.000000e+00	0.000000e+00	0.000000e+00
9.200000e+00	9.400000e+00	0.000000e+00	0.000000e+00	0.000000e+00
9.400000e+00	9.600000e+00	0.000000e+00	0.000000e+00	0.000000e+00
9.600000e+00	9.800000e+00	0.000000e+00	0.000000e+00	0.000000e+00
9.800000e+00	1.000000e+01	0.000000e+00	0.000000e+00	0.000000e+00
# END HISTOGRAM

# BEGIN HISTOGRAM /nfs/dust/cms/user/shwillia/BTV/Apr15/MC_Pythia8_QCD_Pt-50to80_MuEnrichedPt5_Tune4C_13TeV/BTAG_JET_TRACK_SEL.yoda/BTAG_JET_TRACK_SEL/Q_SecVertexMass_AllJets
LineColor={[HTML]{3366FF}}
LineStyle=solid
Path=/nfs/dust/cms/user/shwillia/BTV/Apr15/MC_Pythia8_QCD_Pt-50to80_MuEnrichedPt5_Tune4C_13TeV/BTAG_JET_TRACK_SEL.yoda/BTAG_JET_TRACK_SEL/Q_SecVertexMass_AllJets
Title=BTAG_JET_TRACK_SEL
XLabel=
YLabel=
# xlow	 xhigh	 val	 errminus	 errplus
0.000000e+00	2.000000e-01	4.550000e+06	4.769696e+03	4.769696e+03
2.000000e-01	4.000000e-01	2.725900e+05	1.167454e+03	1.167454e+03
4.000000e-01	6.000000e-01	6.355000e+03	1.782554e+02	1.782554e+02
6.000000e-01	8.000000e-01	6.970000e+05	1.866815e+03	1.866815e+03
8.000000e-01	1.000000e+00	1.025510e+06	2.264409e+03	2.264409e+03
1.000000e+00	1.200000e+00	9.251850e+05	2.150796e+03	2.150796e+03
1.200000e+00	1.400000e+00	8.029400e+05	2.003672e+03	2.003672e+03
1.400000e+00	1.600000e+00	6.318200e+05	1.777386e+03	1.777386e+03
1.600000e+00	1.800000e+00	3.228150e+05	1.270463e+03	1.270463e+03
1.800000e+00	2.000000e+00	4.223600e+05	1.453203e+03	1.453203e+03
2.000000e+00	2.200000e+00	6.273000e+04	5.600446e+02	5.600446e+02
2.200000e+00	2.400000e+00	5.595000e+04	5.289140e+02	5.289140e+02
2.400000e+00	2.600000e+00	3.768000e+04	4.340507e+02	4.340507e+02
2.600000e+00	2.800000e+00	2.453000e+04	3.502142e+02	3.502142e+02
2.800000e+00	3.000000e+00	1.857500e+04	3.047540e+02	3.047540e+02
3.000000e+00	3.200000e+00	1.460500e+04	2.702314e+02	2.702314e+02
3.200000e+00	3.400000e+00	9.840000e+03	2.218107e+02	2.218107e+02
3.400000e+00	3.600000e+00	6.780000e+03	1.841195e+02	1.841195e+02
3.600000e+00	3.800000e+00	6.210000e+03	1.762101e+02	1.762101e+02
3.800000e+00	4.000000e+00	5.360000e+03	1.637071e+02	1.637071e+02
4.000000e+00	4.200000e+00	4.870000e+03	1.560449e+02	1.560449e+02
4.200000e+00	4.400000e+00	4.095000e+03	1.430909e+02	1.430909e+02
4.400000e+00	4.600000e+00	3.685000e+03	1.357387e+02	1.357387e+02
4.600000e+00	4.800000e+00	3.180000e+03	1.260952e+02	1.260952e+02
4.800000e+00	5.000000e+00	2.560000e+03	1.131371e+02	1.131371e+02
5.000000e+00	5.200000e+00	2.165000e+03	1.040433e+02	1.040433e+02
5.200000e+00	5.400000e+00	2.475000e+03	1.112430e+02	1.112430e+02
5.400000e+00	5.600000e+00	1.515000e+03	8.703448e+01	8.703448e+01
5.600000e+00	5.800000e+00	1.310000e+03	8.093207e+01	8.093207e+01
5.800000e+00	6.000000e+00	1.195000e+03	7.729812e+01	7.729812e+01
6.000000e+00	6.200000e+00	9.700000e+02	6.964194e+01	6.964194e+01
6.200000e+00	6.400000e+00	9.650000e+02	6.946222e+01	6.946222e+01
6.400000e+00	6.600000e+00	3.650000e+02	4.272002e+01	4.272002e+01
6.600000e+00	6.800000e+00	0.000000e+00	0.000000e+00	0.000000e+00
6.800000e+00	7.000000e+00	0.000000e+00	0.000000e+00	0.000000e+00
7.000000e+00	7.200000e+00	0.000000e+00	0.000000e+00	0.000000e+00
7.200000e+00	7.400000e+00	0.000000e+00	0.000000e+00	0.000000e+00
7.400000e+00	7.600000e+00	0.000000e+00	0.000000e+00	0.000000e+00
7.600000e+00	7.800000e+00	0.000000e+00	0.000000e+00	0.000000e+00
7.800000e+00	8.000000e+00	0.000000e+00	0.000000e+00	0.000000e+00
8.000000e+00	8.200000e+00	0.000000e+00	0.000000e+00	0.000000e+00
8.200000e+00	8.400000e+00	0.000000e+00	0.000000e+00	0.000000e+00
8.400000e+00	8.600000e+00	0.000000e+00	0.000000e+00	0.000000e+00
8.600000e+00	8.800000e+00	0.000000e+00	0.000000e+00	0.000000e+00
8.800000e+00	9.000000e+00	0.000000e+00	0.000000e+00	0.000000e+00
9.000000e+00	9.200000e+00	0.000000e+00	0.000000e+00	0.000000e+00
9.200000e+00	9.400000e+00	0.000000e+00	0.000000e+00	0.000000e+00
9.400000e+00	9.600000e+00	0.000000e+00	0.000000e+00	0.000000e+00
9.600000e+00	9.800000e+00	0.000000e+00	0.000000e+00	0.000000e+00
9.800000e+00	1.000000e+01	0.000000e+00	0.000000e+00	0.000000e+00
# END HISTOGRAM

# BEGIN HISTOGRAM /nfs/dust/cms/user/shwillia/BTV/Apr15/MC_Pythia8_QCD_Pt-50to80_MuEnrichedPt5_PionKaonDecay_Tune4C_13TeV/BTAG_JET_TRACK_SEL.yoda/BTAG_JET_TRACK_SEL/Q_SecVertexMass_AllJets
LineColor={[HTML]{109618}}
LineStyle=solid
Path=/nfs/dust/cms/user/shwillia/BTV/Apr15/MC_Pythia8_QCD_Pt-50to80_MuEnrichedPt5_PionKaonDecay_Tune4C_13TeV/BTAG_JET_TRACK_SEL.yoda/BTAG_JET_TRACK_SEL/Q_SecVertexMass_AllJets
Title=BTAG_JET_TRACK_SEL
XLabel=
YLabel=
# xlow	 xhigh	 val	 errminus	 errplus
0.000000e+00	2.000000e-01	7.561655e+06	6.148843e+03	6.148843e+03
2.000000e-01	4.000000e-01	4.583000e+05	1.513770e+03	1.513770e+03
4.000000e-01	6.000000e-01	1.103000e+04	2.348404e+02	2.348404e+02
6.000000e-01	8.000000e-01	1.108110e+06	2.353837e+03	2.353837e+03
8.000000e-01	1.000000e+00	1.772910e+06	2.977339e+03	2.977339e+03
1.000000e+00	1.200000e+00	1.354090e+06	2.602009e+03	2.602009e+03
1.200000e+00	1.400000e+00	1.163120e+06	2.411556e+03	2.411556e+03
1.400000e+00	1.600000e+00	8.839250e+05	2.102290e+03	2.102290e+03
1.600000e+00	1.800000e+00	4.438950e+05	1.489790e+03	1.489790e+03
1.800000e+00	2.000000e+00	6.149550e+05	1.753504e+03	1.753504e+03
2.000000e+00	2.200000e+00	8.418000e+04	6.487681e+02	6.487681e+02
2.200000e+00	2.400000e+00	6.991000e+04	5.912275e+02	5.912275e+02
2.400000e+00	2.600000e+00	4.660500e+04	4.827266e+02	4.827266e+02
2.600000e+00	2.800000e+00	3.402000e+04	4.124318e+02	4.124318e+02
2.800000e+00	3.000000e+00	2.531000e+04	3.557387e+02	3.557387e+02
3.000000e+00	3.200000e+00	2.011500e+04	3.171356e+02	3.171356e+02
3.200000e+00	3.400000e+00	1.369500e+04	2.616773e+02	2.616773e+02
3.400000e+00	3.600000e+00	1.033000e+04	2.272664e+02	2.272664e+02
3.600000e+00	3.800000e+00	9.295000e+03	2.155806e+02	2.155806e+02
3.800000e+00	4.000000e+00	7.865000e+03	1.983053e+02	1.983053e+02
4.000000e+00	4.200000e+00	6.855000e+03	1.851351e+02	1.851351e+02
4.200000e+00	4.400000e+00	6.080000e+03	1.743560e+02	1.743560e+02
4.400000e+00	4.600000e+00	5.155000e+03	1.605459e+02	1.605459e+02
4.600000e+00	4.800000e+00	4.575000e+03	1.512448e+02	1.512448e+02
4.800000e+00	5.000000e+00	3.540000e+03	1.330413e+02	1.330413e+02
5.000000e+00	5.200000e+00	2.760000e+03	1.174734e+02	1.174734e+02
5.200000e+00	5.400000e+00	3.300000e+03	1.284523e+02	1.284523e+02
5.400000e+00	5.600000e+00	2.265000e+03	1.064190e+02	1.064190e+02
5.600000e+00	5.800000e+00	1.825000e+03	9.552487e+01	9.552487e+01
5.800000e+00	6.000000e+00	1.575000e+03	8.874120e+01	8.874120e+01
6.000000e+00	6.200000e+00	1.210000e+03	7.778175e+01	7.778175e+01
6.200000e+00	6.400000e+00	1.150000e+03	7.582875e+01	7.582875e+01
6.400000e+00	6.600000e+00	5.150000e+02	5.074446e+01	5.074446e+01
6.600000e+00	6.800000e+00	0.000000e+00	0.000000e+00	0.000000e+00
6.800000e+00	7.000000e+00	0.000000e+00	0.000000e+00	0.000000e+00
7.000000e+00	7.200000e+00	0.000000e+00	0.000000e+00	0.000000e+00
7.200000e+00	7.400000e+00	0.000000e+00	0.000000e+00	0.000000e+00
7.400000e+00	7.600000e+00	0.000000e+00	0.000000e+00	0.000000e+00
7.600000e+00	7.800000e+00	0.000000e+00	0.000000e+00	0.000000e+00
7.800000e+00	8.000000e+00	0.000000e+00	0.000000e+00	0.000000e+00
8.000000e+00	8.200000e+00	0.000000e+00	0.000000e+00	0.000000e+00
8.200000e+00	8.400000e+00	0.000000e+00	0.000000e+00	0.000000e+00
8.400000e+00	8.600000e+00	0.000000e+00	0.000000e+00	0.000000e+00
8.600000e+00	8.800000e+00	0.000000e+00	0.000000e+00	0.000000e+00
8.800000e+00	9.000000e+00	0.000000e+00	0.000000e+00	0.000000e+00
9.000000e+00	9.200000e+00	0.000000e+00	0.000000e+00	0.000000e+00
9.200000e+00	9.400000e+00	0.000000e+00	0.000000e+00	0.000000e+00
9.400000e+00	9.600000e+00	0.000000e+00	0.000000e+00	0.000000e+00
9.600000e+00	9.800000e+00	0.000000e+00	0.000000e+00	0.000000e+00
9.800000e+00	1.000000e+01	0.000000e+00	0.000000e+00	0.000000e+00
# END HISTOGRAM

