# BEGIN PLOT
DrawOnly=/nfs/dust/cms/user/shwillia/BTV/Apr15/MC_Pythia6_QCD_Pt-50to80_MuEnrichedPt5_TuneZ2star_13TeV/BTAG_JET_TRACK_SEL.yoda/BTAG_JET_TRACK_SEL/Q_SecVertexMass_CharmJets /nfs/dust/cms/user/shwillia/BTV/Apr15/MC_Pythia8_QCD_Pt-50to80_MuEnrichedPt5_Tune4C_13TeV/BTAG_JET_TRACK_SEL.yoda/BTAG_JET_TRACK_SEL/Q_SecVertexMass_CharmJets /nfs/dust/cms/user/shwillia/BTV/Apr15/MC_Pythia8_QCD_Pt-50to80_MuEnrichedPt5_PionKaonDecay_Tune4C_13TeV/BTAG_JET_TRACK_SEL.yoda/BTAG_JET_TRACK_SEL/Q_SecVertexMass_CharmJets
RatioPlotReference=/nfs/dust/cms/user/shwillia/BTV/Apr15/MC_Pythia6_QCD_Pt-50to80_MuEnrichedPt5_TuneZ2star_13TeV/BTAG_JET_TRACK_SEL.yoda/BTAG_JET_TRACK_SEL/Q_SecVertexMass_CharmJets
RatioPlot=1
Legend=1
XLabel=$M(Sec.\;Vertex)$
YLabel=Normalized to Unity
LogY=1
NormalizeToSum=1
# END PLOT

# BEGIN HISTOGRAM /nfs/dust/cms/user/shwillia/BTV/Apr15/MC_Pythia6_QCD_Pt-50to80_MuEnrichedPt5_TuneZ2star_13TeV/BTAG_JET_TRACK_SEL.yoda/BTAG_JET_TRACK_SEL/Q_SecVertexMass_CharmJets
LineColor={[HTML]{EE3311}}
LineStyle=solid
Path=/nfs/dust/cms/user/shwillia/BTV/Apr15/MC_Pythia6_QCD_Pt-50to80_MuEnrichedPt5_TuneZ2star_13TeV/BTAG_JET_TRACK_SEL.yoda/BTAG_JET_TRACK_SEL/Q_SecVertexMass_CharmJets
Title=BTAG_JET_TRACK_SEL
XLabel=
YLabel=
# xlow	 xhigh	 val	 errminus	 errplus
0.000000e+00	2.000000e-01	2.710800e+05	1.164216e+03	1.164216e+03
2.000000e-01	4.000000e-01	2.299500e+04	3.390796e+02	3.390796e+02
4.000000e-01	6.000000e-01	6.700000e+02	5.787918e+01	5.787918e+01
6.000000e-01	8.000000e-01	7.032500e+04	5.929798e+02	5.929798e+02
8.000000e-01	1.000000e+00	9.784000e+04	6.994283e+02	6.994283e+02
1.000000e+00	1.200000e+00	8.025000e+04	6.334430e+02	6.334430e+02
1.200000e+00	1.400000e+00	7.008500e+04	5.919671e+02	5.919671e+02
1.400000e+00	1.600000e+00	5.573500e+04	5.278968e+02	5.278968e+02
1.600000e+00	1.800000e+00	2.638000e+04	3.631804e+02	3.631804e+02
1.800000e+00	2.000000e+00	2.390500e+04	3.457239e+02	3.457239e+02
2.000000e+00	2.200000e+00	1.295000e+03	8.046738e+01	8.046738e+01
2.200000e+00	2.400000e+00	1.245000e+03	7.889867e+01	7.889867e+01
2.400000e+00	2.600000e+00	1.950000e+02	3.122499e+01	3.122499e+01
2.600000e+00	2.800000e+00	1.300000e+02	2.549510e+01	2.549510e+01
2.800000e+00	3.000000e+00	1.350000e+02	2.598076e+01	2.598076e+01
3.000000e+00	3.200000e+00	1.100000e+02	2.345208e+01	2.345208e+01
3.200000e+00	3.400000e+00	1.100000e+02	2.345208e+01	2.345208e+01
3.400000e+00	3.600000e+00	6.000000e+01	1.732051e+01	1.732051e+01
3.600000e+00	3.800000e+00	6.000000e+01	1.732051e+01	1.732051e+01
3.800000e+00	4.000000e+00	8.000000e+01	2.000000e+01	2.000000e+01
4.000000e+00	4.200000e+00	5.000000e+01	1.581139e+01	1.581139e+01
4.200000e+00	4.400000e+00	2.000000e+01	1.000000e+01	1.000000e+01
4.400000e+00	4.600000e+00	2.000000e+01	1.000000e+01	1.000000e+01
4.600000e+00	4.800000e+00	4.500000e+01	1.500000e+01	1.500000e+01
4.800000e+00	5.000000e+00	1.500000e+01	8.660254e+00	8.660254e+00
5.000000e+00	5.200000e+00	0.000000e+00	0.000000e+00	0.000000e+00
5.200000e+00	5.400000e+00	1.000000e+01	7.071068e+00	7.071068e+00
5.400000e+00	5.600000e+00	1.000000e+01	7.071068e+00	7.071068e+00
5.600000e+00	5.800000e+00	4.500000e+01	1.500000e+01	1.500000e+01
5.800000e+00	6.000000e+00	1.500000e+01	8.660254e+00	8.660254e+00
6.000000e+00	6.200000e+00	0.000000e+00	0.000000e+00	0.000000e+00
6.200000e+00	6.400000e+00	0.000000e+00	0.000000e+00	0.000000e+00
6.400000e+00	6.600000e+00	0.000000e+00	0.000000e+00	0.000000e+00
6.600000e+00	6.800000e+00	0.000000e+00	0.000000e+00	0.000000e+00
6.800000e+00	7.000000e+00	0.000000e+00	0.000000e+00	0.000000e+00
7.000000e+00	7.200000e+00	0.000000e+00	0.000000e+00	0.000000e+00
7.200000e+00	7.400000e+00	0.000000e+00	0.000000e+00	0.000000e+00
7.400000e+00	7.600000e+00	0.000000e+00	0.000000e+00	0.000000e+00
7.600000e+00	7.800000e+00	0.000000e+00	0.000000e+00	0.000000e+00
7.800000e+00	8.000000e+00	0.000000e+00	0.000000e+00	0.000000e+00
8.000000e+00	8.200000e+00	0.000000e+00	0.000000e+00	0.000000e+00
8.200000e+00	8.400000e+00	0.000000e+00	0.000000e+00	0.000000e+00
8.400000e+00	8.600000e+00	0.000000e+00	0.000000e+00	0.000000e+00
8.600000e+00	8.800000e+00	0.000000e+00	0.000000e+00	0.000000e+00
8.800000e+00	9.000000e+00	0.000000e+00	0.000000e+00	0.000000e+00
9.000000e+00	9.200000e+00	0.000000e+00	0.000000e+00	0.000000e+00
9.200000e+00	9.400000e+00	0.000000e+00	0.000000e+00	0.000000e+00
9.400000e+00	9.600000e+00	0.000000e+00	0.000000e+00	0.000000e+00
9.600000e+00	9.800000e+00	0.000000e+00	0.000000e+00	0.000000e+00
9.800000e+00	1.000000e+01	0.000000e+00	0.000000e+00	0.000000e+00
# END HISTOGRAM

# BEGIN HISTOGRAM /nfs/dust/cms/user/shwillia/BTV/Apr15/MC_Pythia8_QCD_Pt-50to80_MuEnrichedPt5_Tune4C_13TeV/BTAG_JET_TRACK_SEL.yoda/BTAG_JET_TRACK_SEL/Q_SecVertexMass_CharmJets
LineColor={[HTML]{3366FF}}
LineStyle=solid
Path=/nfs/dust/cms/user/shwillia/BTV/Apr15/MC_Pythia8_QCD_Pt-50to80_MuEnrichedPt5_Tune4C_13TeV/BTAG_JET_TRACK_SEL.yoda/BTAG_JET_TRACK_SEL/Q_SecVertexMass_CharmJets
Title=BTAG_JET_TRACK_SEL
XLabel=
YLabel=
# xlow	 xhigh	 val	 errminus	 errplus
0.000000e+00	2.000000e-01	1.375810e+06	2.622794e+03	2.622794e+03
2.000000e-01	4.000000e-01	8.611500e+04	6.561821e+02	6.561821e+02
4.000000e-01	6.000000e-01	2.155000e+03	1.038027e+02	1.038027e+02
6.000000e-01	8.000000e-01	2.337550e+05	1.081099e+03	1.081099e+03
8.000000e-01	1.000000e+00	3.518000e+05	1.326273e+03	1.326273e+03
1.000000e+00	1.200000e+00	3.488600e+05	1.320720e+03	1.320720e+03
1.200000e+00	1.400000e+00	3.336950e+05	1.291695e+03	1.291695e+03
1.400000e+00	1.600000e+00	2.679750e+05	1.157530e+03	1.157530e+03
1.600000e+00	1.800000e+00	1.181700e+05	7.686677e+02	7.686677e+02
1.800000e+00	2.000000e+00	1.075650e+05	7.333655e+02	7.333655e+02
2.000000e+00	2.200000e+00	5.095000e+03	1.596089e+02	1.596089e+02
2.200000e+00	2.400000e+00	6.035000e+03	1.737095e+02	1.737095e+02
2.400000e+00	2.600000e+00	2.305000e+03	1.073546e+02	1.073546e+02
2.600000e+00	2.800000e+00	7.200000e+02	6.000000e+01	6.000000e+01
2.800000e+00	3.000000e+00	5.650000e+02	5.315073e+01	5.315073e+01
3.000000e+00	3.200000e+00	4.800000e+02	4.898979e+01	4.898979e+01
3.200000e+00	3.400000e+00	5.650000e+02	5.315073e+01	5.315073e+01
3.400000e+00	3.600000e+00	3.850000e+02	4.387482e+01	4.387482e+01
3.600000e+00	3.800000e+00	3.550000e+02	4.213075e+01	4.213075e+01
3.800000e+00	4.000000e+00	3.050000e+02	3.905125e+01	3.905125e+01
4.000000e+00	4.200000e+00	2.200000e+02	3.316625e+01	3.316625e+01
4.200000e+00	4.400000e+00	2.600000e+02	3.605551e+01	3.605551e+01
4.400000e+00	4.600000e+00	1.850000e+02	3.041381e+01	3.041381e+01
4.600000e+00	4.800000e+00	1.550000e+02	2.783882e+01	2.783882e+01
4.800000e+00	5.000000e+00	8.000000e+01	2.000000e+01	2.000000e+01
5.000000e+00	5.200000e+00	1.200000e+02	2.449490e+01	2.449490e+01
5.200000e+00	5.400000e+00	1.100000e+02	2.345208e+01	2.345208e+01
5.400000e+00	5.600000e+00	6.000000e+01	1.732051e+01	1.732051e+01
5.600000e+00	5.800000e+00	8.000000e+01	2.000000e+01	2.000000e+01
5.800000e+00	6.000000e+00	8.500000e+01	2.061553e+01	2.061553e+01
6.000000e+00	6.200000e+00	6.500000e+01	1.802776e+01	1.802776e+01
6.200000e+00	6.400000e+00	4.000000e+01	1.414214e+01	1.414214e+01
6.400000e+00	6.600000e+00	1.500000e+01	8.660254e+00	8.660254e+00
6.600000e+00	6.800000e+00	0.000000e+00	0.000000e+00	0.000000e+00
6.800000e+00	7.000000e+00	0.000000e+00	0.000000e+00	0.000000e+00
7.000000e+00	7.200000e+00	0.000000e+00	0.000000e+00	0.000000e+00
7.200000e+00	7.400000e+00	0.000000e+00	0.000000e+00	0.000000e+00
7.400000e+00	7.600000e+00	0.000000e+00	0.000000e+00	0.000000e+00
7.600000e+00	7.800000e+00	0.000000e+00	0.000000e+00	0.000000e+00
7.800000e+00	8.000000e+00	0.000000e+00	0.000000e+00	0.000000e+00
8.000000e+00	8.200000e+00	0.000000e+00	0.000000e+00	0.000000e+00
8.200000e+00	8.400000e+00	0.000000e+00	0.000000e+00	0.000000e+00
8.400000e+00	8.600000e+00	0.000000e+00	0.000000e+00	0.000000e+00
8.600000e+00	8.800000e+00	0.000000e+00	0.000000e+00	0.000000e+00
8.800000e+00	9.000000e+00	0.000000e+00	0.000000e+00	0.000000e+00
9.000000e+00	9.200000e+00	0.000000e+00	0.000000e+00	0.000000e+00
9.200000e+00	9.400000e+00	0.000000e+00	0.000000e+00	0.000000e+00
9.400000e+00	9.600000e+00	0.000000e+00	0.000000e+00	0.000000e+00
9.600000e+00	9.800000e+00	0.000000e+00	0.000000e+00	0.000000e+00
9.800000e+00	1.000000e+01	0.000000e+00	0.000000e+00	0.000000e+00
# END HISTOGRAM

# BEGIN HISTOGRAM /nfs/dust/cms/user/shwillia/BTV/Apr15/MC_Pythia8_QCD_Pt-50to80_MuEnrichedPt5_PionKaonDecay_Tune4C_13TeV/BTAG_JET_TRACK_SEL.yoda/BTAG_JET_TRACK_SEL/Q_SecVertexMass_CharmJets
LineColor={[HTML]{109618}}
LineStyle=solid
Path=/nfs/dust/cms/user/shwillia/BTV/Apr15/MC_Pythia8_QCD_Pt-50to80_MuEnrichedPt5_PionKaonDecay_Tune4C_13TeV/BTAG_JET_TRACK_SEL.yoda/BTAG_JET_TRACK_SEL/Q_SecVertexMass_CharmJets
Title=BTAG_JET_TRACK_SEL
XLabel=
YLabel=
# xlow	 xhigh	 val	 errminus	 errplus
0.000000e+00	2.000000e-01	2.443765e+06	3.495544e+03	3.495544e+03
2.000000e-01	4.000000e-01	1.636450e+05	9.045579e+02	9.045579e+02
4.000000e-01	6.000000e-01	3.945000e+03	1.404457e+02	1.404457e+02
6.000000e-01	8.000000e-01	4.104650e+05	1.432594e+03	1.432594e+03
8.000000e-01	1.000000e+00	6.113100e+05	1.748299e+03	1.748299e+03
1.000000e+00	1.200000e+00	5.398450e+05	1.642932e+03	1.642932e+03
1.200000e+00	1.400000e+00	5.008300e+05	1.582451e+03	1.582451e+03
1.400000e+00	1.600000e+00	3.839250e+05	1.385505e+03	1.385505e+03
1.600000e+00	1.800000e+00	1.660400e+05	9.111531e+02	9.111531e+02
1.800000e+00	2.000000e+00	1.837100e+05	9.584101e+02	9.584101e+02
2.000000e+00	2.200000e+00	4.610000e+03	1.518223e+02	1.518223e+02
2.200000e+00	2.400000e+00	5.285000e+03	1.625577e+02	1.625577e+02
2.400000e+00	2.600000e+00	1.200000e+03	7.745967e+01	7.745967e+01
2.600000e+00	2.800000e+00	1.095000e+03	7.399324e+01	7.399324e+01
2.800000e+00	3.000000e+00	7.950000e+02	6.304760e+01	6.304760e+01
3.000000e+00	3.200000e+00	7.700000e+02	6.204837e+01	6.204837e+01
3.200000e+00	3.400000e+00	7.350000e+02	6.062178e+01	6.062178e+01
3.400000e+00	3.600000e+00	5.250000e+02	5.123475e+01	5.123475e+01
3.600000e+00	3.800000e+00	3.850000e+02	4.387482e+01	4.387482e+01
3.800000e+00	4.000000e+00	4.100000e+02	4.527693e+01	4.527693e+01
4.000000e+00	4.200000e+00	3.650000e+02	4.272002e+01	4.272002e+01
4.200000e+00	4.400000e+00	2.850000e+02	3.774917e+01	3.774917e+01
4.400000e+00	4.600000e+00	2.450000e+02	3.500000e+01	3.500000e+01
4.600000e+00	4.800000e+00	1.650000e+02	2.872281e+01	2.872281e+01
4.800000e+00	5.000000e+00	2.100000e+02	3.240370e+01	3.240370e+01
5.000000e+00	5.200000e+00	1.150000e+02	2.397916e+01	2.397916e+01
5.200000e+00	5.400000e+00	1.400000e+02	2.645751e+01	2.645751e+01
5.400000e+00	5.600000e+00	1.050000e+02	2.291288e+01	2.291288e+01
5.600000e+00	5.800000e+00	1.300000e+02	2.549510e+01	2.549510e+01
5.800000e+00	6.000000e+00	8.500000e+01	2.061553e+01	2.061553e+01
6.000000e+00	6.200000e+00	5.500000e+01	1.658312e+01	1.658312e+01
6.200000e+00	6.400000e+00	3.500000e+01	1.322876e+01	1.322876e+01
6.400000e+00	6.600000e+00	1.500000e+01	8.660254e+00	8.660254e+00
6.600000e+00	6.800000e+00	0.000000e+00	0.000000e+00	0.000000e+00
6.800000e+00	7.000000e+00	0.000000e+00	0.000000e+00	0.000000e+00
7.000000e+00	7.200000e+00	0.000000e+00	0.000000e+00	0.000000e+00
7.200000e+00	7.400000e+00	0.000000e+00	0.000000e+00	0.000000e+00
7.400000e+00	7.600000e+00	0.000000e+00	0.000000e+00	0.000000e+00
7.600000e+00	7.800000e+00	0.000000e+00	0.000000e+00	0.000000e+00
7.800000e+00	8.000000e+00	0.000000e+00	0.000000e+00	0.000000e+00
8.000000e+00	8.200000e+00	0.000000e+00	0.000000e+00	0.000000e+00
8.200000e+00	8.400000e+00	0.000000e+00	0.000000e+00	0.000000e+00
8.400000e+00	8.600000e+00	0.000000e+00	0.000000e+00	0.000000e+00
8.600000e+00	8.800000e+00	0.000000e+00	0.000000e+00	0.000000e+00
8.800000e+00	9.000000e+00	0.000000e+00	0.000000e+00	0.000000e+00
9.000000e+00	9.200000e+00	0.000000e+00	0.000000e+00	0.000000e+00
9.200000e+00	9.400000e+00	0.000000e+00	0.000000e+00	0.000000e+00
9.400000e+00	9.600000e+00	0.000000e+00	0.000000e+00	0.000000e+00
9.600000e+00	9.800000e+00	0.000000e+00	0.000000e+00	0.000000e+00
9.800000e+00	1.000000e+01	0.000000e+00	0.000000e+00	0.000000e+00
# END HISTOGRAM

