# BEGIN PLOT
DrawOnly=/nfs/dust/cms/user/shwillia/BTV/Apr15/MC_Pythia6_QCD_Pt-50to80_MuEnrichedPt5_TuneZ2star_13TeV/BTAG_JET_TRACK_SEL.yoda/BTAG_JET_TRACK_SEL/Q_SecVertexMass_BottomJets /nfs/dust/cms/user/shwillia/BTV/Apr15/MC_Pythia8_QCD_Pt-50to80_MuEnrichedPt5_Tune4C_13TeV/BTAG_JET_TRACK_SEL.yoda/BTAG_JET_TRACK_SEL/Q_SecVertexMass_BottomJets /nfs/dust/cms/user/shwillia/BTV/Apr15/MC_Pythia8_QCD_Pt-50to80_MuEnrichedPt5_PionKaonDecay_Tune4C_13TeV/BTAG_JET_TRACK_SEL.yoda/BTAG_JET_TRACK_SEL/Q_SecVertexMass_BottomJets
RatioPlotReference=/nfs/dust/cms/user/shwillia/BTV/Apr15/MC_Pythia6_QCD_Pt-50to80_MuEnrichedPt5_TuneZ2star_13TeV/BTAG_JET_TRACK_SEL.yoda/BTAG_JET_TRACK_SEL/Q_SecVertexMass_BottomJets
RatioPlot=1
Legend=1
XLabel=$M(Sec.\;Vertex)$
YLabel=Normalized to Unity
LogY=1
NormalizeToSum=1
# END PLOT

# BEGIN HISTOGRAM /nfs/dust/cms/user/shwillia/BTV/Apr15/MC_Pythia6_QCD_Pt-50to80_MuEnrichedPt5_TuneZ2star_13TeV/BTAG_JET_TRACK_SEL.yoda/BTAG_JET_TRACK_SEL/Q_SecVertexMass_BottomJets
LineColor={[HTML]{EE3311}}
LineStyle=solid
Path=/nfs/dust/cms/user/shwillia/BTV/Apr15/MC_Pythia6_QCD_Pt-50to80_MuEnrichedPt5_TuneZ2star_13TeV/BTAG_JET_TRACK_SEL.yoda/BTAG_JET_TRACK_SEL/Q_SecVertexMass_BottomJets
Title=BTAG_JET_TRACK_SEL
XLabel=
YLabel=
# xlow	 xhigh	 val	 errminus	 errplus
0.000000e+00	2.000000e-01	6.370200e+05	1.784685e+03	1.784685e+03
2.000000e-01	4.000000e-01	4.095000e+04	4.524931e+02	4.524931e+02
4.000000e-01	6.000000e-01	1.140000e+03	7.549834e+01	7.549834e+01
6.000000e-01	8.000000e-01	1.203500e+05	7.757255e+02	7.757255e+02
8.000000e-01	1.000000e+00	1.533900e+05	8.757568e+02	8.757568e+02
1.000000e+00	1.200000e+00	1.183900e+05	7.693829e+02	7.693829e+02
1.200000e+00	1.400000e+00	9.551500e+04	6.910680e+02	6.910680e+02
1.400000e+00	1.600000e+00	7.432500e+04	6.096105e+02	6.096105e+02
1.600000e+00	1.800000e+00	4.539500e+04	4.764189e+02	4.764189e+02
1.800000e+00	2.000000e+00	5.474000e+04	5.231635e+02	5.231635e+02
2.000000e+00	2.200000e+00	9.690000e+03	2.201136e+02	2.201136e+02
2.200000e+00	2.400000e+00	7.310000e+03	1.911805e+02	1.911805e+02
2.400000e+00	2.600000e+00	3.265000e+03	1.277693e+02	1.277693e+02
2.600000e+00	2.800000e+00	2.070000e+03	1.017349e+02	1.017349e+02
2.800000e+00	3.000000e+00	1.240000e+03	7.874008e+01	7.874008e+01
3.000000e+00	3.200000e+00	1.090000e+03	7.382412e+01	7.382412e+01
3.200000e+00	3.400000e+00	5.350000e+02	5.172040e+01	5.172040e+01
3.400000e+00	3.600000e+00	3.500000e+02	4.183300e+01	4.183300e+01
3.600000e+00	3.800000e+00	3.400000e+02	4.123106e+01	4.123106e+01
3.800000e+00	4.000000e+00	3.000000e+02	3.872983e+01	3.872983e+01
4.000000e+00	4.200000e+00	2.750000e+02	3.708099e+01	3.708099e+01
4.200000e+00	4.400000e+00	1.950000e+02	3.122499e+01	3.122499e+01
4.400000e+00	4.600000e+00	1.250000e+02	2.500000e+01	2.500000e+01
4.600000e+00	4.800000e+00	1.450000e+02	2.692582e+01	2.692582e+01
4.800000e+00	5.000000e+00	8.000000e+01	2.000000e+01	2.000000e+01
5.000000e+00	5.200000e+00	5.500000e+01	1.658312e+01	1.658312e+01
5.200000e+00	5.400000e+00	8.500000e+01	2.061553e+01	2.061553e+01
5.400000e+00	5.600000e+00	0.000000e+00	0.000000e+00	0.000000e+00
5.600000e+00	5.800000e+00	0.000000e+00	0.000000e+00	0.000000e+00
5.800000e+00	6.000000e+00	5.000000e+00	5.000000e+00	5.000000e+00
6.000000e+00	6.200000e+00	0.000000e+00	0.000000e+00	0.000000e+00
6.200000e+00	6.400000e+00	5.000000e+00	5.000000e+00	5.000000e+00
6.400000e+00	6.600000e+00	0.000000e+00	0.000000e+00	0.000000e+00
6.600000e+00	6.800000e+00	0.000000e+00	0.000000e+00	0.000000e+00
6.800000e+00	7.000000e+00	0.000000e+00	0.000000e+00	0.000000e+00
7.000000e+00	7.200000e+00	0.000000e+00	0.000000e+00	0.000000e+00
7.200000e+00	7.400000e+00	0.000000e+00	0.000000e+00	0.000000e+00
7.400000e+00	7.600000e+00	0.000000e+00	0.000000e+00	0.000000e+00
7.600000e+00	7.800000e+00	0.000000e+00	0.000000e+00	0.000000e+00
7.800000e+00	8.000000e+00	0.000000e+00	0.000000e+00	0.000000e+00
8.000000e+00	8.200000e+00	0.000000e+00	0.000000e+00	0.000000e+00
8.200000e+00	8.400000e+00	0.000000e+00	0.000000e+00	0.000000e+00
8.400000e+00	8.600000e+00	0.000000e+00	0.000000e+00	0.000000e+00
8.600000e+00	8.800000e+00	0.000000e+00	0.000000e+00	0.000000e+00
8.800000e+00	9.000000e+00	0.000000e+00	0.000000e+00	0.000000e+00
9.000000e+00	9.200000e+00	0.000000e+00	0.000000e+00	0.000000e+00
9.200000e+00	9.400000e+00	0.000000e+00	0.000000e+00	0.000000e+00
9.400000e+00	9.600000e+00	0.000000e+00	0.000000e+00	0.000000e+00
9.600000e+00	9.800000e+00	0.000000e+00	0.000000e+00	0.000000e+00
9.800000e+00	1.000000e+01	0.000000e+00	0.000000e+00	0.000000e+00
# END HISTOGRAM

# BEGIN HISTOGRAM /nfs/dust/cms/user/shwillia/BTV/Apr15/MC_Pythia8_QCD_Pt-50to80_MuEnrichedPt5_Tune4C_13TeV/BTAG_JET_TRACK_SEL.yoda/BTAG_JET_TRACK_SEL/Q_SecVertexMass_BottomJets
LineColor={[HTML]{3366FF}}
LineStyle=solid
Path=/nfs/dust/cms/user/shwillia/BTV/Apr15/MC_Pythia8_QCD_Pt-50to80_MuEnrichedPt5_Tune4C_13TeV/BTAG_JET_TRACK_SEL.yoda/BTAG_JET_TRACK_SEL/Q_SecVertexMass_BottomJets
Title=BTAG_JET_TRACK_SEL
XLabel=
YLabel=
# xlow	 xhigh	 val	 errminus	 errplus
0.000000e+00	2.000000e-01	3.140425e+06	3.962591e+03	3.962591e+03
2.000000e-01	4.000000e-01	1.839450e+05	9.590229e+02	9.590229e+02
4.000000e-01	6.000000e-01	4.175000e+03	1.444818e+02	1.444818e+02
6.000000e-01	8.000000e-01	4.590250e+05	1.514967e+03	1.514967e+03
8.000000e-01	1.000000e+00	6.672150e+05	1.826493e+03	1.826493e+03
1.000000e+00	1.200000e+00	5.712600e+05	1.690059e+03	1.690059e+03
1.200000e+00	1.400000e+00	4.640200e+05	1.523187e+03	1.523187e+03
1.400000e+00	1.600000e+00	3.585850e+05	1.339001e+03	1.339001e+03
1.600000e+00	1.800000e+00	1.997300e+05	9.993248e+02	9.993248e+02
1.800000e+00	2.000000e+00	3.098450e+05	1.244679e+03	1.244679e+03
2.000000e+00	2.200000e+00	5.276500e+04	5.136390e+02	5.136390e+02
2.200000e+00	2.400000e+00	4.498000e+04	4.742362e+02	4.742362e+02
2.400000e+00	2.600000e+00	3.087500e+04	3.929058e+02	3.929058e+02
2.600000e+00	2.800000e+00	1.945000e+04	3.118493e+02	3.118493e+02
2.800000e+00	3.000000e+00	1.389000e+04	2.635337e+02	2.635337e+02
3.000000e+00	3.200000e+00	1.012500e+04	2.250000e+02	2.250000e+02
3.200000e+00	3.400000e+00	5.300000e+03	1.627882e+02	1.627882e+02
3.400000e+00	3.600000e+00	2.810000e+03	1.185327e+02	1.185327e+02
3.600000e+00	3.800000e+00	2.520000e+03	1.122497e+02	1.122497e+02
3.800000e+00	4.000000e+00	1.985000e+03	9.962429e+01	9.962429e+01
4.000000e+00	4.200000e+00	1.675000e+03	9.151503e+01	9.151503e+01
4.200000e+00	4.400000e+00	1.305000e+03	8.077747e+01	8.077747e+01
4.400000e+00	4.600000e+00	1.065000e+03	7.297260e+01	7.297260e+01
4.600000e+00	4.800000e+00	8.500000e+02	6.519202e+01	6.519202e+01
4.800000e+00	5.000000e+00	6.050000e+02	5.500000e+01	5.500000e+01
5.000000e+00	5.200000e+00	2.900000e+02	3.807887e+01	3.807887e+01
5.200000e+00	5.400000e+00	8.150000e+02	6.383573e+01	6.383573e+01
5.400000e+00	5.600000e+00	3.000000e+01	1.224745e+01	1.224745e+01
5.600000e+00	5.800000e+00	3.000000e+01	1.224745e+01	1.224745e+01
5.800000e+00	6.000000e+00	1.000000e+01	7.071068e+00	7.071068e+00
6.000000e+00	6.200000e+00	5.000000e+00	5.000000e+00	5.000000e+00
6.200000e+00	6.400000e+00	1.000000e+01	7.071068e+00	7.071068e+00
6.400000e+00	6.600000e+00	0.000000e+00	0.000000e+00	0.000000e+00
6.600000e+00	6.800000e+00	0.000000e+00	0.000000e+00	0.000000e+00
6.800000e+00	7.000000e+00	0.000000e+00	0.000000e+00	0.000000e+00
7.000000e+00	7.200000e+00	0.000000e+00	0.000000e+00	0.000000e+00
7.200000e+00	7.400000e+00	0.000000e+00	0.000000e+00	0.000000e+00
7.400000e+00	7.600000e+00	0.000000e+00	0.000000e+00	0.000000e+00
7.600000e+00	7.800000e+00	0.000000e+00	0.000000e+00	0.000000e+00
7.800000e+00	8.000000e+00	0.000000e+00	0.000000e+00	0.000000e+00
8.000000e+00	8.200000e+00	0.000000e+00	0.000000e+00	0.000000e+00
8.200000e+00	8.400000e+00	0.000000e+00	0.000000e+00	0.000000e+00
8.400000e+00	8.600000e+00	0.000000e+00	0.000000e+00	0.000000e+00
8.600000e+00	8.800000e+00	0.000000e+00	0.000000e+00	0.000000e+00
8.800000e+00	9.000000e+00	0.000000e+00	0.000000e+00	0.000000e+00
9.000000e+00	9.200000e+00	0.000000e+00	0.000000e+00	0.000000e+00
9.200000e+00	9.400000e+00	0.000000e+00	0.000000e+00	0.000000e+00
9.400000e+00	9.600000e+00	0.000000e+00	0.000000e+00	0.000000e+00
9.600000e+00	9.800000e+00	0.000000e+00	0.000000e+00	0.000000e+00
9.800000e+00	1.000000e+01	0.000000e+00	0.000000e+00	0.000000e+00
# END HISTOGRAM

# BEGIN HISTOGRAM /nfs/dust/cms/user/shwillia/BTV/Apr15/MC_Pythia8_QCD_Pt-50to80_MuEnrichedPt5_PionKaonDecay_Tune4C_13TeV/BTAG_JET_TRACK_SEL.yoda/BTAG_JET_TRACK_SEL/Q_SecVertexMass_BottomJets
LineColor={[HTML]{109618}}
LineStyle=solid
Path=/nfs/dust/cms/user/shwillia/BTV/Apr15/MC_Pythia8_QCD_Pt-50to80_MuEnrichedPt5_PionKaonDecay_Tune4C_13TeV/BTAG_JET_TRACK_SEL.yoda/BTAG_JET_TRACK_SEL/Q_SecVertexMass_BottomJets
Title=BTAG_JET_TRACK_SEL
XLabel=
YLabel=
# xlow	 xhigh	 val	 errminus	 errplus
0.000000e+00	2.000000e-01	4.727950e+06	4.862073e+03	4.862073e+03
2.000000e-01	4.000000e-01	2.895800e+05	1.203287e+03	1.203287e+03
4.000000e-01	6.000000e-01	7.020000e+03	1.873499e+02	1.873499e+02
6.000000e-01	8.000000e-01	6.902050e+05	1.857693e+03	1.857693e+03
8.000000e-01	1.000000e+00	9.938850e+05	2.229221e+03	2.229221e+03
1.000000e+00	1.200000e+00	7.911300e+05	1.988882e+03	1.988882e+03
1.200000e+00	1.400000e+00	6.532550e+05	1.807284e+03	1.807284e+03
1.400000e+00	1.600000e+00	4.906750e+05	1.566325e+03	1.566325e+03
1.600000e+00	1.800000e+00	2.688250e+05	1.159364e+03	1.159364e+03
1.800000e+00	2.000000e+00	4.223650e+05	1.453212e+03	1.453212e+03
2.000000e+00	2.200000e+00	7.051500e+04	5.937803e+02	5.937803e+02
2.200000e+00	2.400000e+00	5.665500e+04	5.322358e+02	5.322358e+02
2.400000e+00	2.600000e+00	3.735500e+04	4.321747e+02	4.321747e+02
2.600000e+00	2.800000e+00	2.515000e+04	3.546125e+02	3.546125e+02
2.800000e+00	3.000000e+00	1.699000e+04	2.914618e+02	2.914618e+02
3.000000e+00	3.200000e+00	1.248000e+04	2.497999e+02	2.497999e+02
3.200000e+00	3.400000e+00	6.800000e+03	1.843909e+02	1.843909e+02
3.400000e+00	3.600000e+00	4.095000e+03	1.430909e+02	1.430909e+02
3.600000e+00	3.800000e+00	3.465000e+03	1.316245e+02	1.316245e+02
3.800000e+00	4.000000e+00	2.630000e+03	1.146734e+02	1.146734e+02
4.000000e+00	4.200000e+00	2.270000e+03	1.065364e+02	1.065364e+02
4.200000e+00	4.400000e+00	1.675000e+03	9.151503e+01	9.151503e+01
4.400000e+00	4.600000e+00	1.275000e+03	7.984360e+01	7.984360e+01
4.600000e+00	4.800000e+00	9.550000e+02	6.910137e+01	6.910137e+01
4.800000e+00	5.000000e+00	6.500000e+02	5.700877e+01	5.700877e+01
5.000000e+00	5.200000e+00	2.800000e+02	3.741657e+01	3.741657e+01
5.200000e+00	5.400000e+00	9.500000e+02	6.892024e+01	6.892024e+01
5.400000e+00	5.600000e+00	3.000000e+01	1.224745e+01	1.224745e+01
5.600000e+00	5.800000e+00	6.000000e+01	1.732051e+01	1.732051e+01
5.800000e+00	6.000000e+00	1.500000e+01	8.660254e+00	8.660254e+00
6.000000e+00	6.200000e+00	1.500000e+01	8.660254e+00	8.660254e+00
6.200000e+00	6.400000e+00	1.500000e+01	8.660254e+00	8.660254e+00
6.400000e+00	6.600000e+00	1.000000e+01	7.071068e+00	7.071068e+00
6.600000e+00	6.800000e+00	0.000000e+00	0.000000e+00	0.000000e+00
6.800000e+00	7.000000e+00	0.000000e+00	0.000000e+00	0.000000e+00
7.000000e+00	7.200000e+00	0.000000e+00	0.000000e+00	0.000000e+00
7.200000e+00	7.400000e+00	0.000000e+00	0.000000e+00	0.000000e+00
7.400000e+00	7.600000e+00	0.000000e+00	0.000000e+00	0.000000e+00
7.600000e+00	7.800000e+00	0.000000e+00	0.000000e+00	0.000000e+00
7.800000e+00	8.000000e+00	0.000000e+00	0.000000e+00	0.000000e+00
8.000000e+00	8.200000e+00	0.000000e+00	0.000000e+00	0.000000e+00
8.200000e+00	8.400000e+00	0.000000e+00	0.000000e+00	0.000000e+00
8.400000e+00	8.600000e+00	0.000000e+00	0.000000e+00	0.000000e+00
8.600000e+00	8.800000e+00	0.000000e+00	0.000000e+00	0.000000e+00
8.800000e+00	9.000000e+00	0.000000e+00	0.000000e+00	0.000000e+00
9.000000e+00	9.200000e+00	0.000000e+00	0.000000e+00	0.000000e+00
9.200000e+00	9.400000e+00	0.000000e+00	0.000000e+00	0.000000e+00
9.400000e+00	9.600000e+00	0.000000e+00	0.000000e+00	0.000000e+00
9.600000e+00	9.800000e+00	0.000000e+00	0.000000e+00	0.000000e+00
9.800000e+00	1.000000e+01	0.000000e+00	0.000000e+00	0.000000e+00
# END HISTOGRAM

