# BEGIN PLOT
DrawOnly=/nfs/dust/cms/user/shwillia/BTV/Apr15/MC_Pythia6_QCD_Pt-50to80_MuEnrichedPt5_TuneZ2star_13TeV/BTAG_JET_TRACK_SEL.yoda/BTAG_JET_TRACK_SEL/S_SecVertexPVD_AllJets /nfs/dust/cms/user/shwillia/BTV/Apr15/MC_Pythia8_QCD_Pt-50to80_MuEnrichedPt5_Tune4C_13TeV/BTAG_JET_TRACK_SEL.yoda/BTAG_JET_TRACK_SEL/S_SecVertexPVD_AllJets /nfs/dust/cms/user/shwillia/BTV/Apr15/MC_Pythia8_QCD_Pt-50to80_MuEnrichedPt5_PionKaonDecay_Tune4C_13TeV/BTAG_JET_TRACK_SEL.yoda/BTAG_JET_TRACK_SEL/S_SecVertexPVD_AllJets
RatioPlotReference=/nfs/dust/cms/user/shwillia/BTV/Apr15/MC_Pythia6_QCD_Pt-50to80_MuEnrichedPt5_TuneZ2star_13TeV/BTAG_JET_TRACK_SEL.yoda/BTAG_JET_TRACK_SEL/S_SecVertexPVD_AllJets
RatioPlot=1
Legend=1
XLabel=$d(Sec.\;Vertex,PV)$
YLabel=Normalized to Unity
LogY=1
NormalizeToSum=1
# END PLOT

# BEGIN HISTOGRAM /nfs/dust/cms/user/shwillia/BTV/Apr15/MC_Pythia6_QCD_Pt-50to80_MuEnrichedPt5_TuneZ2star_13TeV/BTAG_JET_TRACK_SEL.yoda/BTAG_JET_TRACK_SEL/S_SecVertexPVD_AllJets
LineColor={[HTML]{EE3311}}
LineStyle=solid
Path=/nfs/dust/cms/user/shwillia/BTV/Apr15/MC_Pythia6_QCD_Pt-50to80_MuEnrichedPt5_TuneZ2star_13TeV/BTAG_JET_TRACK_SEL.yoda/BTAG_JET_TRACK_SEL/S_SecVertexPVD_AllJets
Title=BTAG_JET_TRACK_SEL
XLabel=
YLabel=
# xlow	 xhigh	 val	 errminus	 errplus
0.000000e+00	1.000000e+00	1.008400e+05	3.175531e+02	3.175531e+02
1.000000e+00	2.000000e+00	6.681100e+04	2.584782e+02	2.584782e+02
2.000000e+00	3.000000e+00	4.911400e+04	2.216168e+02	2.216168e+02
3.000000e+00	4.000000e+00	3.792800e+04	1.947511e+02	1.947511e+02
4.000000e+00	5.000000e+00	2.993600e+04	1.730202e+02	1.730202e+02
5.000000e+00	6.000000e+00	2.410500e+04	1.552579e+02	1.552579e+02
6.000000e+00	7.000000e+00	1.985000e+04	1.408900e+02	1.408900e+02
7.000000e+00	8.000000e+00	1.620100e+04	1.272831e+02	1.272831e+02
8.000000e+00	9.000000e+00	1.375500e+04	1.172817e+02	1.172817e+02
9.000000e+00	1.000000e+01	1.154900e+04	1.074663e+02	1.074663e+02
1.000000e+01	1.100000e+01	9.721000e+03	9.859513e+01	9.859513e+01
1.100000e+01	1.200000e+01	8.392000e+03	9.160786e+01	9.160786e+01
1.200000e+01	1.300000e+01	7.219000e+03	8.496470e+01	8.496470e+01
1.300000e+01	1.400000e+01	6.263000e+03	7.913912e+01	7.913912e+01
1.400000e+01	1.500000e+01	5.692000e+03	7.544534e+01	7.544534e+01
1.500000e+01	1.600000e+01	4.957000e+03	7.040597e+01	7.040597e+01
1.600000e+01	1.700000e+01	4.370000e+03	6.610598e+01	6.610598e+01
1.700000e+01	1.800000e+01	3.993000e+03	6.319019e+01	6.319019e+01
1.800000e+01	1.900000e+01	3.433000e+03	5.859181e+01	5.859181e+01
1.900000e+01	2.000000e+01	3.141000e+03	5.604463e+01	5.604463e+01
2.000000e+01	2.100000e+01	2.951000e+03	5.432311e+01	5.432311e+01
2.100000e+01	2.200000e+01	2.534000e+03	5.033885e+01	5.033885e+01
2.200000e+01	2.300000e+01	2.262000e+03	4.756049e+01	4.756049e+01
2.300000e+01	2.400000e+01	2.004000e+03	4.476606e+01	4.476606e+01
2.400000e+01	2.500000e+01	1.822000e+03	4.268489e+01	4.268489e+01
2.500000e+01	2.600000e+01	0.000000e+00	0.000000e+00	0.000000e+00
2.600000e+01	2.700000e+01	0.000000e+00	0.000000e+00	0.000000e+00
2.700000e+01	2.800000e+01	0.000000e+00	0.000000e+00	0.000000e+00
2.800000e+01	2.900000e+01	0.000000e+00	0.000000e+00	0.000000e+00
2.900000e+01	3.000000e+01	0.000000e+00	0.000000e+00	0.000000e+00
3.000000e+01	3.100000e+01	0.000000e+00	0.000000e+00	0.000000e+00
3.100000e+01	3.200000e+01	0.000000e+00	0.000000e+00	0.000000e+00
3.200000e+01	3.300000e+01	0.000000e+00	0.000000e+00	0.000000e+00
3.300000e+01	3.400000e+01	0.000000e+00	0.000000e+00	0.000000e+00
3.400000e+01	3.500000e+01	0.000000e+00	0.000000e+00	0.000000e+00
3.500000e+01	3.600000e+01	0.000000e+00	0.000000e+00	0.000000e+00
3.600000e+01	3.700000e+01	0.000000e+00	0.000000e+00	0.000000e+00
3.700000e+01	3.800000e+01	0.000000e+00	0.000000e+00	0.000000e+00
3.800000e+01	3.900000e+01	0.000000e+00	0.000000e+00	0.000000e+00
3.900000e+01	4.000000e+01	0.000000e+00	0.000000e+00	0.000000e+00
# END HISTOGRAM

# BEGIN HISTOGRAM /nfs/dust/cms/user/shwillia/BTV/Apr15/MC_Pythia8_QCD_Pt-50to80_MuEnrichedPt5_Tune4C_13TeV/BTAG_JET_TRACK_SEL.yoda/BTAG_JET_TRACK_SEL/S_SecVertexPVD_AllJets
LineColor={[HTML]{3366FF}}
LineStyle=solid
Path=/nfs/dust/cms/user/shwillia/BTV/Apr15/MC_Pythia8_QCD_Pt-50to80_MuEnrichedPt5_Tune4C_13TeV/BTAG_JET_TRACK_SEL.yoda/BTAG_JET_TRACK_SEL/S_SecVertexPVD_AllJets
Title=BTAG_JET_TRACK_SEL
XLabel=
YLabel=
# xlow	 xhigh	 val	 errminus	 errplus
0.000000e+00	1.000000e+00	4.255030e+05	6.523059e+02	6.523059e+02
1.000000e+00	2.000000e+00	3.006310e+05	5.482983e+02	5.482983e+02
2.000000e+00	3.000000e+00	2.281400e+05	4.776400e+02	4.776400e+02
3.000000e+00	4.000000e+00	1.786230e+05	4.226381e+02	4.226381e+02
4.000000e+00	5.000000e+00	1.420300e+05	3.768687e+02	3.768687e+02
5.000000e+00	6.000000e+00	1.144990e+05	3.383770e+02	3.383770e+02
6.000000e+00	7.000000e+00	9.394000e+04	3.064963e+02	3.064963e+02
7.000000e+00	8.000000e+00	7.724500e+04	2.779298e+02	2.779298e+02
8.000000e+00	9.000000e+00	6.490600e+04	2.547666e+02	2.547666e+02
9.000000e+00	1.000000e+01	5.453700e+04	2.335316e+02	2.335316e+02
1.000000e+01	1.100000e+01	4.597400e+04	2.144155e+02	2.144155e+02
1.100000e+01	1.200000e+01	3.933200e+04	1.983230e+02	1.983230e+02
1.200000e+01	1.300000e+01	3.366400e+04	1.834775e+02	1.834775e+02
1.300000e+01	1.400000e+01	2.920400e+04	1.708918e+02	1.708918e+02
1.400000e+01	1.500000e+01	2.514700e+04	1.585781e+02	1.585781e+02
1.500000e+01	1.600000e+01	2.204100e+04	1.484621e+02	1.484621e+02
1.600000e+01	1.700000e+01	1.915300e+04	1.383944e+02	1.383944e+02
1.700000e+01	1.800000e+01	1.697500e+04	1.302881e+02	1.302881e+02
1.800000e+01	1.900000e+01	1.491800e+04	1.221393e+02	1.221393e+02
1.900000e+01	2.000000e+01	1.298900e+04	1.139693e+02	1.139693e+02
2.000000e+01	2.100000e+01	1.161200e+04	1.077590e+02	1.077590e+02
2.100000e+01	2.200000e+01	1.028300e+04	1.014051e+02	1.014051e+02
2.200000e+01	2.300000e+01	8.987000e+03	9.479979e+01	9.479979e+01
2.300000e+01	2.400000e+01	8.080000e+03	8.988882e+01	8.988882e+01
2.400000e+01	2.500000e+01	7.224000e+03	8.499412e+01	8.499412e+01
2.500000e+01	2.600000e+01	0.000000e+00	0.000000e+00	0.000000e+00
2.600000e+01	2.700000e+01	0.000000e+00	0.000000e+00	0.000000e+00
2.700000e+01	2.800000e+01	0.000000e+00	0.000000e+00	0.000000e+00
2.800000e+01	2.900000e+01	0.000000e+00	0.000000e+00	0.000000e+00
2.900000e+01	3.000000e+01	0.000000e+00	0.000000e+00	0.000000e+00
3.000000e+01	3.100000e+01	0.000000e+00	0.000000e+00	0.000000e+00
3.100000e+01	3.200000e+01	0.000000e+00	0.000000e+00	0.000000e+00
3.200000e+01	3.300000e+01	0.000000e+00	0.000000e+00	0.000000e+00
3.300000e+01	3.400000e+01	0.000000e+00	0.000000e+00	0.000000e+00
3.400000e+01	3.500000e+01	0.000000e+00	0.000000e+00	0.000000e+00
3.500000e+01	3.600000e+01	0.000000e+00	0.000000e+00	0.000000e+00
3.600000e+01	3.700000e+01	0.000000e+00	0.000000e+00	0.000000e+00
3.700000e+01	3.800000e+01	0.000000e+00	0.000000e+00	0.000000e+00
3.800000e+01	3.900000e+01	0.000000e+00	0.000000e+00	0.000000e+00
3.900000e+01	4.000000e+01	0.000000e+00	0.000000e+00	0.000000e+00
# END HISTOGRAM

# BEGIN HISTOGRAM /nfs/dust/cms/user/shwillia/BTV/Apr15/MC_Pythia8_QCD_Pt-50to80_MuEnrichedPt5_PionKaonDecay_Tune4C_13TeV/BTAG_JET_TRACK_SEL.yoda/BTAG_JET_TRACK_SEL/S_SecVertexPVD_AllJets
LineColor={[HTML]{109618}}
LineStyle=solid
Path=/nfs/dust/cms/user/shwillia/BTV/Apr15/MC_Pythia8_QCD_Pt-50to80_MuEnrichedPt5_PionKaonDecay_Tune4C_13TeV/BTAG_JET_TRACK_SEL.yoda/BTAG_JET_TRACK_SEL/S_SecVertexPVD_AllJets
Title=BTAG_JET_TRACK_SEL
XLabel=
YLabel=
# xlow	 xhigh	 val	 errminus	 errplus
0.000000e+00	1.000000e+00	6.845270e+05	8.273615e+02	8.273615e+02
1.000000e+00	2.000000e+00	4.683460e+05	6.843581e+02	6.843581e+02
2.000000e+00	3.000000e+00	3.523820e+05	5.936177e+02	5.936177e+02
3.000000e+00	4.000000e+00	2.738020e+05	5.232609e+02	5.232609e+02
4.000000e+00	5.000000e+00	2.182020e+05	4.671210e+02	4.671210e+02
5.000000e+00	6.000000e+00	1.774750e+05	4.212778e+02	4.212778e+02
6.000000e+00	7.000000e+00	1.451030e+05	3.809239e+02	3.809239e+02
7.000000e+00	8.000000e+00	1.210970e+05	3.479899e+02	3.479899e+02
8.000000e+00	9.000000e+00	1.010840e+05	3.179371e+02	3.179371e+02
9.000000e+00	1.000000e+01	8.577500e+04	2.928737e+02	2.928737e+02
1.000000e+01	1.100000e+01	7.346300e+04	2.710406e+02	2.710406e+02
1.100000e+01	1.200000e+01	6.330000e+04	2.515949e+02	2.515949e+02
1.200000e+01	1.300000e+01	5.499800e+04	2.345165e+02	2.345165e+02
1.300000e+01	1.400000e+01	4.831900e+04	2.198158e+02	2.198158e+02
1.400000e+01	1.500000e+01	4.259800e+04	2.063928e+02	2.063928e+02
1.500000e+01	1.600000e+01	3.719300e+04	1.928549e+02	1.928549e+02
1.600000e+01	1.700000e+01	3.304900e+04	1.817938e+02	1.817938e+02
1.700000e+01	1.800000e+01	2.936200e+04	1.713534e+02	1.713534e+02
1.800000e+01	1.900000e+01	2.639000e+04	1.624500e+02	1.624500e+02
1.900000e+01	2.000000e+01	2.355700e+04	1.534829e+02	1.534829e+02
2.000000e+01	2.100000e+01	2.126500e+04	1.458252e+02	1.458252e+02
2.100000e+01	2.200000e+01	1.913600e+04	1.383329e+02	1.383329e+02
2.200000e+01	2.300000e+01	1.744400e+04	1.320757e+02	1.320757e+02
2.300000e+01	2.400000e+01	1.533600e+04	1.238386e+02	1.238386e+02
2.400000e+01	2.500000e+01	1.362100e+04	1.167090e+02	1.167090e+02
2.500000e+01	2.600000e+01	0.000000e+00	0.000000e+00	0.000000e+00
2.600000e+01	2.700000e+01	0.000000e+00	0.000000e+00	0.000000e+00
2.700000e+01	2.800000e+01	0.000000e+00	0.000000e+00	0.000000e+00
2.800000e+01	2.900000e+01	0.000000e+00	0.000000e+00	0.000000e+00
2.900000e+01	3.000000e+01	0.000000e+00	0.000000e+00	0.000000e+00
3.000000e+01	3.100000e+01	0.000000e+00	0.000000e+00	0.000000e+00
3.100000e+01	3.200000e+01	0.000000e+00	0.000000e+00	0.000000e+00
3.200000e+01	3.300000e+01	0.000000e+00	0.000000e+00	0.000000e+00
3.300000e+01	3.400000e+01	0.000000e+00	0.000000e+00	0.000000e+00
3.400000e+01	3.500000e+01	0.000000e+00	0.000000e+00	0.000000e+00
3.500000e+01	3.600000e+01	0.000000e+00	0.000000e+00	0.000000e+00
3.600000e+01	3.700000e+01	0.000000e+00	0.000000e+00	0.000000e+00
3.700000e+01	3.800000e+01	0.000000e+00	0.000000e+00	0.000000e+00
3.800000e+01	3.900000e+01	0.000000e+00	0.000000e+00	0.000000e+00
3.900000e+01	4.000000e+01	0.000000e+00	0.000000e+00	0.000000e+00
# END HISTOGRAM

