# BEGIN PLOT
DrawOnly=/nfs/dust/cms/user/shwillia/BTV/Apr15/MC_Pythia6_QCD_Pt-50to80_MuEnrichedPt5_TuneZ2star_13TeV/BTAG_JET_TRACK_SEL.yoda/BTAG_JET_TRACK_SEL/T_MuonPtRel_CharmJets /nfs/dust/cms/user/shwillia/BTV/Apr15/MC_Pythia8_QCD_Pt-50to80_MuEnrichedPt5_Tune4C_13TeV/BTAG_JET_TRACK_SEL.yoda/BTAG_JET_TRACK_SEL/T_MuonPtRel_CharmJets /nfs/dust/cms/user/shwillia/BTV/Apr15/MC_Pythia8_QCD_Pt-50to80_MuEnrichedPt5_PionKaonDecay_Tune4C_13TeV/BTAG_JET_TRACK_SEL.yoda/BTAG_JET_TRACK_SEL/T_MuonPtRel_CharmJets
RatioPlotReference=/nfs/dust/cms/user/shwillia/BTV/Apr15/MC_Pythia6_QCD_Pt-50to80_MuEnrichedPt5_TuneZ2star_13TeV/BTAG_JET_TRACK_SEL.yoda/BTAG_JET_TRACK_SEL/T_MuonPtRel_CharmJets
RatioPlot=1
Legend=1
XLabel=$P_{T,rel}(Muon)$
YLabel=Normalized to Unity
LogY=1
NormalizeToSum=1
# END PLOT

# BEGIN HISTOGRAM /nfs/dust/cms/user/shwillia/BTV/Apr15/MC_Pythia6_QCD_Pt-50to80_MuEnrichedPt5_TuneZ2star_13TeV/BTAG_JET_TRACK_SEL.yoda/BTAG_JET_TRACK_SEL/T_MuonPtRel_CharmJets
LineColor={[HTML]{EE3311}}
LineStyle=solid
Path=/nfs/dust/cms/user/shwillia/BTV/Apr15/MC_Pythia6_QCD_Pt-50to80_MuEnrichedPt5_TuneZ2star_13TeV/BTAG_JET_TRACK_SEL.yoda/BTAG_JET_TRACK_SEL/T_MuonPtRel_CharmJets
Title=BTAG_JET_TRACK_SEL
XLabel=
YLabel=
# xlow	 xhigh	 val	 errminus	 errplus
0.000000e+00	5.000000e-01	1.434820e+05	5.356902e+02	5.356902e+02
5.000000e-01	1.000000e+00	9.732600e+04	4.411938e+02	4.411938e+02
1.000000e+00	1.500000e+00	2.684400e+04	2.317067e+02	2.317067e+02
1.500000e+00	2.000000e+00	8.622000e+03	1.313164e+02	1.313164e+02
2.000000e+00	2.500000e+00	2.848000e+03	7.547185e+01	7.547185e+01
2.500000e+00	3.000000e+00	9.700000e+02	4.404543e+01	4.404543e+01
3.000000e+00	3.500000e+00	3.660000e+02	2.705550e+01	2.705550e+01
3.500000e+00	4.000000e+00	1.780000e+02	1.886796e+01	1.886796e+01
4.000000e+00	4.500000e+00	3.800000e+01	8.717798e+00	8.717798e+00
4.500000e+00	5.000000e+00	2.600000e+01	7.211103e+00	7.211103e+00
5.000000e+00	5.500000e+00	1.600000e+01	5.656854e+00	5.656854e+00
5.500000e+00	6.000000e+00	2.000000e+00	2.000000e+00	2.000000e+00
6.000000e+00	6.500000e+00	0.000000e+00	0.000000e+00	0.000000e+00
6.500000e+00	7.000000e+00	0.000000e+00	0.000000e+00	0.000000e+00
7.000000e+00	7.500000e+00	0.000000e+00	0.000000e+00	0.000000e+00
7.500000e+00	8.000000e+00	2.000000e+00	2.000000e+00	2.000000e+00
8.000000e+00	8.500000e+00	0.000000e+00	0.000000e+00	0.000000e+00
8.500000e+00	9.000000e+00	0.000000e+00	0.000000e+00	0.000000e+00
9.000000e+00	9.500000e+00	0.000000e+00	0.000000e+00	0.000000e+00
9.500000e+00	1.000000e+01	0.000000e+00	0.000000e+00	0.000000e+00
1.000000e+01	1.050000e+01	0.000000e+00	0.000000e+00	0.000000e+00
1.050000e+01	1.100000e+01	0.000000e+00	0.000000e+00	0.000000e+00
1.100000e+01	1.150000e+01	0.000000e+00	0.000000e+00	0.000000e+00
1.150000e+01	1.200000e+01	0.000000e+00	0.000000e+00	0.000000e+00
1.200000e+01	1.250000e+01	0.000000e+00	0.000000e+00	0.000000e+00
1.250000e+01	1.300000e+01	0.000000e+00	0.000000e+00	0.000000e+00
1.300000e+01	1.350000e+01	0.000000e+00	0.000000e+00	0.000000e+00
1.350000e+01	1.400000e+01	0.000000e+00	0.000000e+00	0.000000e+00
1.400000e+01	1.450000e+01	0.000000e+00	0.000000e+00	0.000000e+00
1.450000e+01	1.500000e+01	0.000000e+00	0.000000e+00	0.000000e+00
1.500000e+01	1.550000e+01	0.000000e+00	0.000000e+00	0.000000e+00
1.550000e+01	1.600000e+01	0.000000e+00	0.000000e+00	0.000000e+00
1.600000e+01	1.650000e+01	0.000000e+00	0.000000e+00	0.000000e+00
1.650000e+01	1.700000e+01	0.000000e+00	0.000000e+00	0.000000e+00
1.700000e+01	1.750000e+01	0.000000e+00	0.000000e+00	0.000000e+00
1.750000e+01	1.800000e+01	0.000000e+00	0.000000e+00	0.000000e+00
1.800000e+01	1.850000e+01	0.000000e+00	0.000000e+00	0.000000e+00
1.850000e+01	1.900000e+01	0.000000e+00	0.000000e+00	0.000000e+00
1.900000e+01	1.950000e+01	0.000000e+00	0.000000e+00	0.000000e+00
1.950000e+01	2.000000e+01	0.000000e+00	0.000000e+00	0.000000e+00
# END HISTOGRAM

# BEGIN HISTOGRAM /nfs/dust/cms/user/shwillia/BTV/Apr15/MC_Pythia8_QCD_Pt-50to80_MuEnrichedPt5_Tune4C_13TeV/BTAG_JET_TRACK_SEL.yoda/BTAG_JET_TRACK_SEL/T_MuonPtRel_CharmJets
LineColor={[HTML]{3366FF}}
LineStyle=solid
Path=/nfs/dust/cms/user/shwillia/BTV/Apr15/MC_Pythia8_QCD_Pt-50to80_MuEnrichedPt5_Tune4C_13TeV/BTAG_JET_TRACK_SEL.yoda/BTAG_JET_TRACK_SEL/T_MuonPtRel_CharmJets
Title=BTAG_JET_TRACK_SEL
XLabel=
YLabel=
# xlow	 xhigh	 val	 errminus	 errplus
0.000000e+00	5.000000e-01	5.039220e+05	1.003914e+03	1.003914e+03
5.000000e-01	1.000000e+00	4.698520e+05	9.693833e+02	9.693833e+02
1.000000e+00	1.500000e+00	1.586540e+05	5.633010e+02	5.633010e+02
1.500000e+00	2.000000e+00	5.667000e+04	3.366601e+02	3.366601e+02
2.000000e+00	2.500000e+00	2.039200e+04	2.019505e+02	2.019505e+02
2.500000e+00	3.000000e+00	7.934000e+03	1.259682e+02	1.259682e+02
3.000000e+00	3.500000e+00	3.418000e+03	8.268011e+01	8.268011e+01
3.500000e+00	4.000000e+00	1.500000e+03	5.477226e+01	5.477226e+01
4.000000e+00	4.500000e+00	7.120000e+02	3.773592e+01	3.773592e+01
4.500000e+00	5.000000e+00	2.860000e+02	2.391652e+01	2.391652e+01
5.000000e+00	5.500000e+00	1.600000e+02	1.788854e+01	1.788854e+01
5.500000e+00	6.000000e+00	8.400000e+01	1.296148e+01	1.296148e+01
6.000000e+00	6.500000e+00	3.800000e+01	8.717798e+00	8.717798e+00
6.500000e+00	7.000000e+00	2.600000e+01	7.211103e+00	7.211103e+00
7.000000e+00	7.500000e+00	1.200000e+01	4.898979e+00	4.898979e+00
7.500000e+00	8.000000e+00	0.000000e+00	0.000000e+00	0.000000e+00
8.000000e+00	8.500000e+00	6.000000e+00	3.464102e+00	3.464102e+00
8.500000e+00	9.000000e+00	2.000000e+00	2.000000e+00	2.000000e+00
9.000000e+00	9.500000e+00	4.000000e+00	2.828427e+00	2.828427e+00
9.500000e+00	1.000000e+01	0.000000e+00	0.000000e+00	0.000000e+00
1.000000e+01	1.050000e+01	0.000000e+00	0.000000e+00	0.000000e+00
1.050000e+01	1.100000e+01	0.000000e+00	0.000000e+00	0.000000e+00
1.100000e+01	1.150000e+01	0.000000e+00	0.000000e+00	0.000000e+00
1.150000e+01	1.200000e+01	0.000000e+00	0.000000e+00	0.000000e+00
1.200000e+01	1.250000e+01	0.000000e+00	0.000000e+00	0.000000e+00
1.250000e+01	1.300000e+01	0.000000e+00	0.000000e+00	0.000000e+00
1.300000e+01	1.350000e+01	0.000000e+00	0.000000e+00	0.000000e+00
1.350000e+01	1.400000e+01	0.000000e+00	0.000000e+00	0.000000e+00
1.400000e+01	1.450000e+01	0.000000e+00	0.000000e+00	0.000000e+00
1.450000e+01	1.500000e+01	0.000000e+00	0.000000e+00	0.000000e+00
1.500000e+01	1.550000e+01	0.000000e+00	0.000000e+00	0.000000e+00
1.550000e+01	1.600000e+01	0.000000e+00	0.000000e+00	0.000000e+00
1.600000e+01	1.650000e+01	0.000000e+00	0.000000e+00	0.000000e+00
1.650000e+01	1.700000e+01	0.000000e+00	0.000000e+00	0.000000e+00
1.700000e+01	1.750000e+01	0.000000e+00	0.000000e+00	0.000000e+00
1.750000e+01	1.800000e+01	0.000000e+00	0.000000e+00	0.000000e+00
1.800000e+01	1.850000e+01	0.000000e+00	0.000000e+00	0.000000e+00
1.850000e+01	1.900000e+01	0.000000e+00	0.000000e+00	0.000000e+00
1.900000e+01	1.950000e+01	0.000000e+00	0.000000e+00	0.000000e+00
1.950000e+01	2.000000e+01	0.000000e+00	0.000000e+00	0.000000e+00
# END HISTOGRAM

# BEGIN HISTOGRAM /nfs/dust/cms/user/shwillia/BTV/Apr15/MC_Pythia8_QCD_Pt-50to80_MuEnrichedPt5_PionKaonDecay_Tune4C_13TeV/BTAG_JET_TRACK_SEL.yoda/BTAG_JET_TRACK_SEL/T_MuonPtRel_CharmJets
LineColor={[HTML]{109618}}
LineStyle=solid
Path=/nfs/dust/cms/user/shwillia/BTV/Apr15/MC_Pythia8_QCD_Pt-50to80_MuEnrichedPt5_PionKaonDecay_Tune4C_13TeV/BTAG_JET_TRACK_SEL.yoda/BTAG_JET_TRACK_SEL/T_MuonPtRel_CharmJets
Title=BTAG_JET_TRACK_SEL
XLabel=
YLabel=
# xlow	 xhigh	 val	 errminus	 errplus
0.000000e+00	5.000000e-01	9.983040e+05	1.413014e+03	1.413014e+03
5.000000e-01	1.000000e+00	7.694360e+05	1.240513e+03	1.240513e+03
1.000000e+00	1.500000e+00	2.492420e+05	7.060340e+02	7.060340e+02
1.500000e+00	2.000000e+00	8.718800e+04	4.175835e+02	4.175835e+02
2.000000e+00	2.500000e+00	3.085000e+04	2.483948e+02	2.483948e+02
2.500000e+00	3.000000e+00	1.219600e+04	1.561794e+02	1.561794e+02
3.000000e+00	3.500000e+00	4.932000e+03	9.931767e+01	9.931767e+01
3.500000e+00	4.000000e+00	2.250000e+03	6.708204e+01	6.708204e+01
4.000000e+00	4.500000e+00	8.920000e+02	4.223742e+01	4.223742e+01
4.500000e+00	5.000000e+00	4.460000e+02	2.986637e+01	2.986637e+01
5.000000e+00	5.500000e+00	2.060000e+02	2.029778e+01	2.029778e+01
5.500000e+00	6.000000e+00	1.060000e+02	1.456022e+01	1.456022e+01
6.000000e+00	6.500000e+00	5.000000e+01	1.000000e+01	1.000000e+01
6.500000e+00	7.000000e+00	2.800000e+01	7.483315e+00	7.483315e+00
7.000000e+00	7.500000e+00	1.800000e+01	6.000000e+00	6.000000e+00
7.500000e+00	8.000000e+00	1.000000e+01	4.472136e+00	4.472136e+00
8.000000e+00	8.500000e+00	0.000000e+00	0.000000e+00	0.000000e+00
8.500000e+00	9.000000e+00	2.000000e+00	2.000000e+00	2.000000e+00
9.000000e+00	9.500000e+00	2.000000e+00	2.000000e+00	2.000000e+00
9.500000e+00	1.000000e+01	2.000000e+00	2.000000e+00	2.000000e+00
1.000000e+01	1.050000e+01	0.000000e+00	0.000000e+00	0.000000e+00
1.050000e+01	1.100000e+01	0.000000e+00	0.000000e+00	0.000000e+00
1.100000e+01	1.150000e+01	0.000000e+00	0.000000e+00	0.000000e+00
1.150000e+01	1.200000e+01	0.000000e+00	0.000000e+00	0.000000e+00
1.200000e+01	1.250000e+01	0.000000e+00	0.000000e+00	0.000000e+00
1.250000e+01	1.300000e+01	0.000000e+00	0.000000e+00	0.000000e+00
1.300000e+01	1.350000e+01	0.000000e+00	0.000000e+00	0.000000e+00
1.350000e+01	1.400000e+01	0.000000e+00	0.000000e+00	0.000000e+00
1.400000e+01	1.450000e+01	0.000000e+00	0.000000e+00	0.000000e+00
1.450000e+01	1.500000e+01	0.000000e+00	0.000000e+00	0.000000e+00
1.500000e+01	1.550000e+01	0.000000e+00	0.000000e+00	0.000000e+00
1.550000e+01	1.600000e+01	0.000000e+00	0.000000e+00	0.000000e+00
1.600000e+01	1.650000e+01	0.000000e+00	0.000000e+00	0.000000e+00
1.650000e+01	1.700000e+01	0.000000e+00	0.000000e+00	0.000000e+00
1.700000e+01	1.750000e+01	0.000000e+00	0.000000e+00	0.000000e+00
1.750000e+01	1.800000e+01	0.000000e+00	0.000000e+00	0.000000e+00
1.800000e+01	1.850000e+01	0.000000e+00	0.000000e+00	0.000000e+00
1.850000e+01	1.900000e+01	0.000000e+00	0.000000e+00	0.000000e+00
1.900000e+01	1.950000e+01	0.000000e+00	0.000000e+00	0.000000e+00
1.950000e+01	2.000000e+01	0.000000e+00	0.000000e+00	0.000000e+00
# END HISTOGRAM

