# BEGIN PLOT
DrawOnly=/nfs/dust/cms/user/shwillia/BTV/Apr15/MC_Pythia6_QCD_Pt-50to80_MuEnrichedPt5_TuneZ2star_13TeV/BTAG_JET_TRACK_SEL.yoda/BTAG_JET_TRACK_SEL/T_MuonPtRel_AllJets /nfs/dust/cms/user/shwillia/BTV/Apr15/MC_Pythia8_QCD_Pt-50to80_MuEnrichedPt5_Tune4C_13TeV/BTAG_JET_TRACK_SEL.yoda/BTAG_JET_TRACK_SEL/T_MuonPtRel_AllJets /nfs/dust/cms/user/shwillia/BTV/Apr15/MC_Pythia8_QCD_Pt-50to80_MuEnrichedPt5_PionKaonDecay_Tune4C_13TeV/BTAG_JET_TRACK_SEL.yoda/BTAG_JET_TRACK_SEL/T_MuonPtRel_AllJets
RatioPlotReference=/nfs/dust/cms/user/shwillia/BTV/Apr15/MC_Pythia6_QCD_Pt-50to80_MuEnrichedPt5_TuneZ2star_13TeV/BTAG_JET_TRACK_SEL.yoda/BTAG_JET_TRACK_SEL/T_MuonPtRel_AllJets
RatioPlot=1
Legend=1
XLabel=$P_{T,rel}(Muon)$
YLabel=Normalized to Unity
LogY=1
NormalizeToSum=1
# END PLOT

# BEGIN HISTOGRAM /nfs/dust/cms/user/shwillia/BTV/Apr15/MC_Pythia6_QCD_Pt-50to80_MuEnrichedPt5_TuneZ2star_13TeV/BTAG_JET_TRACK_SEL.yoda/BTAG_JET_TRACK_SEL/T_MuonPtRel_AllJets
LineColor={[HTML]{EE3311}}
LineStyle=solid
Path=/nfs/dust/cms/user/shwillia/BTV/Apr15/MC_Pythia6_QCD_Pt-50to80_MuEnrichedPt5_TuneZ2star_13TeV/BTAG_JET_TRACK_SEL.yoda/BTAG_JET_TRACK_SEL/T_MuonPtRel_AllJets
Title=BTAG_JET_TRACK_SEL
XLabel=
YLabel=
# xlow	 xhigh	 val	 errminus	 errplus
0.000000e+00	5.000000e-01	4.812800e+05	9.811014e+02	9.811014e+02
5.000000e-01	1.000000e+00	3.245300e+05	8.056426e+02	8.056426e+02
1.000000e+00	1.500000e+00	1.455800e+05	5.395924e+02	5.395924e+02
1.500000e+00	2.000000e+00	6.169400e+04	3.512663e+02	3.512663e+02
2.000000e+00	2.500000e+00	1.728000e+04	1.859032e+02	1.859032e+02
2.500000e+00	3.000000e+00	5.414000e+03	1.040577e+02	1.040577e+02
3.000000e+00	3.500000e+00	2.168000e+03	6.584831e+01	6.584831e+01
3.500000e+00	4.000000e+00	8.920000e+02	4.223742e+01	4.223742e+01
4.000000e+00	4.500000e+00	3.980000e+02	2.821347e+01	2.821347e+01
4.500000e+00	5.000000e+00	1.820000e+02	1.907878e+01	1.907878e+01
5.000000e+00	5.500000e+00	9.200000e+01	1.356466e+01	1.356466e+01
5.500000e+00	6.000000e+00	2.800000e+01	7.483315e+00	7.483315e+00
6.000000e+00	6.500000e+00	2.000000e+01	6.324555e+00	6.324555e+00
6.500000e+00	7.000000e+00	6.000000e+00	3.464102e+00	3.464102e+00
7.000000e+00	7.500000e+00	2.000000e+00	2.000000e+00	2.000000e+00
7.500000e+00	8.000000e+00	6.000000e+00	3.464102e+00	3.464102e+00
8.000000e+00	8.500000e+00	0.000000e+00	0.000000e+00	0.000000e+00
8.500000e+00	9.000000e+00	0.000000e+00	0.000000e+00	0.000000e+00
9.000000e+00	9.500000e+00	0.000000e+00	0.000000e+00	0.000000e+00
9.500000e+00	1.000000e+01	0.000000e+00	0.000000e+00	0.000000e+00
1.000000e+01	1.050000e+01	0.000000e+00	0.000000e+00	0.000000e+00
1.050000e+01	1.100000e+01	0.000000e+00	0.000000e+00	0.000000e+00
1.100000e+01	1.150000e+01	0.000000e+00	0.000000e+00	0.000000e+00
1.150000e+01	1.200000e+01	0.000000e+00	0.000000e+00	0.000000e+00
1.200000e+01	1.250000e+01	0.000000e+00	0.000000e+00	0.000000e+00
1.250000e+01	1.300000e+01	0.000000e+00	0.000000e+00	0.000000e+00
1.300000e+01	1.350000e+01	0.000000e+00	0.000000e+00	0.000000e+00
1.350000e+01	1.400000e+01	0.000000e+00	0.000000e+00	0.000000e+00
1.400000e+01	1.450000e+01	0.000000e+00	0.000000e+00	0.000000e+00
1.450000e+01	1.500000e+01	0.000000e+00	0.000000e+00	0.000000e+00
1.500000e+01	1.550000e+01	0.000000e+00	0.000000e+00	0.000000e+00
1.550000e+01	1.600000e+01	0.000000e+00	0.000000e+00	0.000000e+00
1.600000e+01	1.650000e+01	0.000000e+00	0.000000e+00	0.000000e+00
1.650000e+01	1.700000e+01	0.000000e+00	0.000000e+00	0.000000e+00
1.700000e+01	1.750000e+01	0.000000e+00	0.000000e+00	0.000000e+00
1.750000e+01	1.800000e+01	0.000000e+00	0.000000e+00	0.000000e+00
1.800000e+01	1.850000e+01	0.000000e+00	0.000000e+00	0.000000e+00
1.850000e+01	1.900000e+01	0.000000e+00	0.000000e+00	0.000000e+00
1.900000e+01	1.950000e+01	0.000000e+00	0.000000e+00	0.000000e+00
1.950000e+01	2.000000e+01	0.000000e+00	0.000000e+00	0.000000e+00
# END HISTOGRAM

# BEGIN HISTOGRAM /nfs/dust/cms/user/shwillia/BTV/Apr15/MC_Pythia8_QCD_Pt-50to80_MuEnrichedPt5_Tune4C_13TeV/BTAG_JET_TRACK_SEL.yoda/BTAG_JET_TRACK_SEL/T_MuonPtRel_AllJets
LineColor={[HTML]{3366FF}}
LineStyle=solid
Path=/nfs/dust/cms/user/shwillia/BTV/Apr15/MC_Pythia8_QCD_Pt-50to80_MuEnrichedPt5_Tune4C_13TeV/BTAG_JET_TRACK_SEL.yoda/BTAG_JET_TRACK_SEL/T_MuonPtRel_AllJets
Title=BTAG_JET_TRACK_SEL
XLabel=
YLabel=
# xlow	 xhigh	 val	 errminus	 errplus
0.000000e+00	5.000000e-01	8.502460e+05	1.304029e+03	1.304029e+03
5.000000e-01	1.000000e+00	9.752120e+05	1.396576e+03	1.396576e+03
1.000000e+00	1.500000e+00	5.880900e+05	1.084518e+03	1.084518e+03
1.500000e+00	2.000000e+00	2.892740e+05	7.606234e+02	7.606234e+02
2.000000e+00	2.500000e+00	9.254800e+04	4.302278e+02	4.302278e+02
2.500000e+00	3.000000e+00	3.240000e+04	2.545584e+02	2.545584e+02
3.000000e+00	3.500000e+00	1.412600e+04	1.680833e+02	1.680833e+02
3.500000e+00	4.000000e+00	6.674000e+03	1.155335e+02	1.155335e+02
4.000000e+00	4.500000e+00	3.284000e+03	8.104320e+01	8.104320e+01
4.500000e+00	5.000000e+00	1.446000e+03	5.377732e+01	5.377732e+01
5.000000e+00	5.500000e+00	8.160000e+02	4.039802e+01	4.039802e+01
5.500000e+00	6.000000e+00	3.900000e+02	2.792848e+01	2.792848e+01
6.000000e+00	6.500000e+00	2.060000e+02	2.029778e+01	2.029778e+01
6.500000e+00	7.000000e+00	1.080000e+02	1.469694e+01	1.469694e+01
7.000000e+00	7.500000e+00	5.200000e+01	1.019804e+01	1.019804e+01
7.500000e+00	8.000000e+00	2.000000e+01	6.324555e+00	6.324555e+00
8.000000e+00	8.500000e+00	1.800000e+01	6.000000e+00	6.000000e+00
8.500000e+00	9.000000e+00	2.400000e+01	6.928203e+00	6.928203e+00
9.000000e+00	9.500000e+00	4.000000e+00	2.828427e+00	2.828427e+00
9.500000e+00	1.000000e+01	0.000000e+00	0.000000e+00	0.000000e+00
1.000000e+01	1.050000e+01	0.000000e+00	0.000000e+00	0.000000e+00
1.050000e+01	1.100000e+01	0.000000e+00	0.000000e+00	0.000000e+00
1.100000e+01	1.150000e+01	0.000000e+00	0.000000e+00	0.000000e+00
1.150000e+01	1.200000e+01	0.000000e+00	0.000000e+00	0.000000e+00
1.200000e+01	1.250000e+01	0.000000e+00	0.000000e+00	0.000000e+00
1.250000e+01	1.300000e+01	0.000000e+00	0.000000e+00	0.000000e+00
1.300000e+01	1.350000e+01	0.000000e+00	0.000000e+00	0.000000e+00
1.350000e+01	1.400000e+01	0.000000e+00	0.000000e+00	0.000000e+00
1.400000e+01	1.450000e+01	0.000000e+00	0.000000e+00	0.000000e+00
1.450000e+01	1.500000e+01	0.000000e+00	0.000000e+00	0.000000e+00
1.500000e+01	1.550000e+01	0.000000e+00	0.000000e+00	0.000000e+00
1.550000e+01	1.600000e+01	0.000000e+00	0.000000e+00	0.000000e+00
1.600000e+01	1.650000e+01	0.000000e+00	0.000000e+00	0.000000e+00
1.650000e+01	1.700000e+01	0.000000e+00	0.000000e+00	0.000000e+00
1.700000e+01	1.750000e+01	0.000000e+00	0.000000e+00	0.000000e+00
1.750000e+01	1.800000e+01	0.000000e+00	0.000000e+00	0.000000e+00
1.800000e+01	1.850000e+01	0.000000e+00	0.000000e+00	0.000000e+00
1.850000e+01	1.900000e+01	0.000000e+00	0.000000e+00	0.000000e+00
1.900000e+01	1.950000e+01	0.000000e+00	0.000000e+00	0.000000e+00
1.950000e+01	2.000000e+01	0.000000e+00	0.000000e+00	0.000000e+00
# END HISTOGRAM

# BEGIN HISTOGRAM /nfs/dust/cms/user/shwillia/BTV/Apr15/MC_Pythia8_QCD_Pt-50to80_MuEnrichedPt5_PionKaonDecay_Tune4C_13TeV/BTAG_JET_TRACK_SEL.yoda/BTAG_JET_TRACK_SEL/T_MuonPtRel_AllJets
LineColor={[HTML]{109618}}
LineStyle=solid
Path=/nfs/dust/cms/user/shwillia/BTV/Apr15/MC_Pythia8_QCD_Pt-50to80_MuEnrichedPt5_PionKaonDecay_Tune4C_13TeV/BTAG_JET_TRACK_SEL.yoda/BTAG_JET_TRACK_SEL/T_MuonPtRel_AllJets
Title=BTAG_JET_TRACK_SEL
XLabel=
YLabel=
# xlow	 xhigh	 val	 errminus	 errplus
0.000000e+00	5.000000e-01	3.306966e+06	2.571757e+03	2.571757e+03
5.000000e-01	1.000000e+00	2.382354e+06	2.182821e+03	2.182821e+03
1.000000e+00	1.500000e+00	1.094286e+06	1.479382e+03	1.479382e+03
1.500000e+00	2.000000e+00	4.763200e+05	9.760328e+02	9.760328e+02
2.000000e+00	2.500000e+00	1.456000e+05	5.396295e+02	5.396295e+02
2.500000e+00	3.000000e+00	5.103200e+04	3.194746e+02	3.194746e+02
3.000000e+00	3.500000e+00	2.132400e+04	2.065139e+02	2.065139e+02
3.500000e+00	4.000000e+00	9.840000e+03	1.402854e+02	1.402854e+02
4.000000e+00	4.500000e+00	4.580000e+03	9.570789e+01	9.570789e+01
4.500000e+00	5.000000e+00	2.458000e+03	7.011419e+01	7.011419e+01
5.000000e+00	5.500000e+00	1.158000e+03	4.812484e+01	4.812484e+01
5.500000e+00	6.000000e+00	5.700000e+02	3.376389e+01	3.376389e+01
6.000000e+00	6.500000e+00	3.140000e+02	2.505993e+01	2.505993e+01
6.500000e+00	7.000000e+00	1.540000e+02	1.754993e+01	1.754993e+01
7.000000e+00	7.500000e+00	7.800000e+01	1.249000e+01	1.249000e+01
7.500000e+00	8.000000e+00	2.600000e+01	7.211103e+00	7.211103e+00
8.000000e+00	8.500000e+00	2.000000e+01	6.324555e+00	6.324555e+00
8.500000e+00	9.000000e+00	6.000000e+00	3.464102e+00	3.464102e+00
9.000000e+00	9.500000e+00	8.000000e+00	4.000000e+00	4.000000e+00
9.500000e+00	1.000000e+01	4.000000e+00	2.828427e+00	2.828427e+00
1.000000e+01	1.050000e+01	4.000000e+00	2.828427e+00	2.828427e+00
1.050000e+01	1.100000e+01	0.000000e+00	0.000000e+00	0.000000e+00
1.100000e+01	1.150000e+01	2.000000e+00	2.000000e+00	2.000000e+00
1.150000e+01	1.200000e+01	0.000000e+00	0.000000e+00	0.000000e+00
1.200000e+01	1.250000e+01	0.000000e+00	0.000000e+00	0.000000e+00
1.250000e+01	1.300000e+01	0.000000e+00	0.000000e+00	0.000000e+00
1.300000e+01	1.350000e+01	0.000000e+00	0.000000e+00	0.000000e+00
1.350000e+01	1.400000e+01	0.000000e+00	0.000000e+00	0.000000e+00
1.400000e+01	1.450000e+01	0.000000e+00	0.000000e+00	0.000000e+00
1.450000e+01	1.500000e+01	0.000000e+00	0.000000e+00	0.000000e+00
1.500000e+01	1.550000e+01	0.000000e+00	0.000000e+00	0.000000e+00
1.550000e+01	1.600000e+01	0.000000e+00	0.000000e+00	0.000000e+00
1.600000e+01	1.650000e+01	0.000000e+00	0.000000e+00	0.000000e+00
1.650000e+01	1.700000e+01	0.000000e+00	0.000000e+00	0.000000e+00
1.700000e+01	1.750000e+01	0.000000e+00	0.000000e+00	0.000000e+00
1.750000e+01	1.800000e+01	0.000000e+00	0.000000e+00	0.000000e+00
1.800000e+01	1.850000e+01	0.000000e+00	0.000000e+00	0.000000e+00
1.850000e+01	1.900000e+01	0.000000e+00	0.000000e+00	0.000000e+00
1.900000e+01	1.950000e+01	0.000000e+00	0.000000e+00	0.000000e+00
1.950000e+01	2.000000e+01	0.000000e+00	0.000000e+00	0.000000e+00
# END HISTOGRAM

