# BEGIN PLOT
DrawOnly=/nfs/dust/cms/user/shwillia/BTV/Apr15/MC_Pythia6_QCD_Pt-50to80_MuEnrichedPt5_TuneZ2star_13TeV/BTAG_JET_TRACK_SEL.yoda/BTAG_JET_TRACK_SEL/T_MuonPtRel_LightJets /nfs/dust/cms/user/shwillia/BTV/Apr15/MC_Pythia8_QCD_Pt-50to80_MuEnrichedPt5_Tune4C_13TeV/BTAG_JET_TRACK_SEL.yoda/BTAG_JET_TRACK_SEL/T_MuonPtRel_LightJets /nfs/dust/cms/user/shwillia/BTV/Apr15/MC_Pythia8_QCD_Pt-50to80_MuEnrichedPt5_PionKaonDecay_Tune4C_13TeV/BTAG_JET_TRACK_SEL.yoda/BTAG_JET_TRACK_SEL/T_MuonPtRel_LightJets
RatioPlotReference=/nfs/dust/cms/user/shwillia/BTV/Apr15/MC_Pythia6_QCD_Pt-50to80_MuEnrichedPt5_TuneZ2star_13TeV/BTAG_JET_TRACK_SEL.yoda/BTAG_JET_TRACK_SEL/T_MuonPtRel_LightJets
RatioPlot=1
Legend=1
XLabel=$P_{T,rel}(Muon)$
YLabel=Normalized to Unity
LogY=1
NormalizeToSum=1
# END PLOT

# BEGIN HISTOGRAM /nfs/dust/cms/user/shwillia/BTV/Apr15/MC_Pythia6_QCD_Pt-50to80_MuEnrichedPt5_TuneZ2star_13TeV/BTAG_JET_TRACK_SEL.yoda/BTAG_JET_TRACK_SEL/T_MuonPtRel_LightJets
LineColor={[HTML]{EE3311}}
LineStyle=solid
Path=/nfs/dust/cms/user/shwillia/BTV/Apr15/MC_Pythia6_QCD_Pt-50to80_MuEnrichedPt5_TuneZ2star_13TeV/BTAG_JET_TRACK_SEL.yoda/BTAG_JET_TRACK_SEL/T_MuonPtRel_LightJets
Title=BTAG_JET_TRACK_SEL
XLabel=
YLabel=
# xlow	 xhigh	 val	 errminus	 errplus
0.000000e+00	5.000000e-01	2.441880e+05	6.988390e+02	6.988390e+02
5.000000e-01	1.000000e+00	1.218100e+05	4.935788e+02	4.935788e+02
1.000000e+00	1.500000e+00	3.067000e+04	2.476691e+02	2.476691e+02
1.500000e+00	2.000000e+00	7.092000e+03	1.190966e+02	1.190966e+02
2.000000e+00	2.500000e+00	1.750000e+03	5.916080e+01	5.916080e+01
2.500000e+00	3.000000e+00	4.820000e+02	3.104835e+01	3.104835e+01
3.000000e+00	3.500000e+00	1.900000e+02	1.949359e+01	1.949359e+01
3.500000e+00	4.000000e+00	7.800000e+01	1.249000e+01	1.249000e+01
4.000000e+00	4.500000e+00	3.600000e+01	8.485281e+00	8.485281e+00
4.500000e+00	5.000000e+00	1.000000e+01	4.472136e+00	4.472136e+00
5.000000e+00	5.500000e+00	8.000000e+00	4.000000e+00	4.000000e+00
5.500000e+00	6.000000e+00	2.000000e+00	2.000000e+00	2.000000e+00
6.000000e+00	6.500000e+00	2.000000e+00	2.000000e+00	2.000000e+00
6.500000e+00	7.000000e+00	2.000000e+00	2.000000e+00	2.000000e+00
7.000000e+00	7.500000e+00	0.000000e+00	0.000000e+00	0.000000e+00
7.500000e+00	8.000000e+00	4.000000e+00	2.828427e+00	2.828427e+00
8.000000e+00	8.500000e+00	0.000000e+00	0.000000e+00	0.000000e+00
8.500000e+00	9.000000e+00	0.000000e+00	0.000000e+00	0.000000e+00
9.000000e+00	9.500000e+00	0.000000e+00	0.000000e+00	0.000000e+00
9.500000e+00	1.000000e+01	0.000000e+00	0.000000e+00	0.000000e+00
1.000000e+01	1.050000e+01	0.000000e+00	0.000000e+00	0.000000e+00
1.050000e+01	1.100000e+01	0.000000e+00	0.000000e+00	0.000000e+00
1.100000e+01	1.150000e+01	0.000000e+00	0.000000e+00	0.000000e+00
1.150000e+01	1.200000e+01	0.000000e+00	0.000000e+00	0.000000e+00
1.200000e+01	1.250000e+01	0.000000e+00	0.000000e+00	0.000000e+00
1.250000e+01	1.300000e+01	0.000000e+00	0.000000e+00	0.000000e+00
1.300000e+01	1.350000e+01	0.000000e+00	0.000000e+00	0.000000e+00
1.350000e+01	1.400000e+01	0.000000e+00	0.000000e+00	0.000000e+00
1.400000e+01	1.450000e+01	0.000000e+00	0.000000e+00	0.000000e+00
1.450000e+01	1.500000e+01	0.000000e+00	0.000000e+00	0.000000e+00
1.500000e+01	1.550000e+01	0.000000e+00	0.000000e+00	0.000000e+00
1.550000e+01	1.600000e+01	0.000000e+00	0.000000e+00	0.000000e+00
1.600000e+01	1.650000e+01	0.000000e+00	0.000000e+00	0.000000e+00
1.650000e+01	1.700000e+01	0.000000e+00	0.000000e+00	0.000000e+00
1.700000e+01	1.750000e+01	0.000000e+00	0.000000e+00	0.000000e+00
1.750000e+01	1.800000e+01	0.000000e+00	0.000000e+00	0.000000e+00
1.800000e+01	1.850000e+01	0.000000e+00	0.000000e+00	0.000000e+00
1.850000e+01	1.900000e+01	0.000000e+00	0.000000e+00	0.000000e+00
1.900000e+01	1.950000e+01	0.000000e+00	0.000000e+00	0.000000e+00
1.950000e+01	2.000000e+01	0.000000e+00	0.000000e+00	0.000000e+00
# END HISTOGRAM

# BEGIN HISTOGRAM /nfs/dust/cms/user/shwillia/BTV/Apr15/MC_Pythia8_QCD_Pt-50to80_MuEnrichedPt5_Tune4C_13TeV/BTAG_JET_TRACK_SEL.yoda/BTAG_JET_TRACK_SEL/T_MuonPtRel_LightJets
LineColor={[HTML]{3366FF}}
LineStyle=solid
Path=/nfs/dust/cms/user/shwillia/BTV/Apr15/MC_Pythia8_QCD_Pt-50to80_MuEnrichedPt5_Tune4C_13TeV/BTAG_JET_TRACK_SEL.yoda/BTAG_JET_TRACK_SEL/T_MuonPtRel_LightJets
Title=BTAG_JET_TRACK_SEL
XLabel=
YLabel=
# xlow	 xhigh	 val	 errminus	 errplus
0.000000e+00	5.000000e-01	2.469400e+04	2.222341e+02	2.222341e+02
5.000000e-01	1.000000e+00	1.088600e+04	1.475534e+02	1.475534e+02
1.000000e+00	1.500000e+00	2.982000e+03	7.722694e+01	7.722694e+01
1.500000e+00	2.000000e+00	1.134000e+03	4.762352e+01	4.762352e+01
2.000000e+00	2.500000e+00	4.140000e+02	2.877499e+01	2.877499e+01
2.500000e+00	3.000000e+00	1.760000e+02	1.876166e+01	1.876166e+01
3.000000e+00	3.500000e+00	6.600000e+01	1.148913e+01	1.148913e+01
3.500000e+00	4.000000e+00	6.000000e+01	1.095445e+01	1.095445e+01
4.000000e+00	4.500000e+00	3.800000e+01	8.717798e+00	8.717798e+00
4.500000e+00	5.000000e+00	2.000000e+01	6.324555e+00	6.324555e+00
5.000000e+00	5.500000e+00	1.200000e+01	4.898979e+00	4.898979e+00
5.500000e+00	6.000000e+00	1.000000e+01	4.472136e+00	4.472136e+00
6.000000e+00	6.500000e+00	6.000000e+00	3.464102e+00	3.464102e+00
6.500000e+00	7.000000e+00	6.000000e+00	3.464102e+00	3.464102e+00
7.000000e+00	7.500000e+00	4.000000e+00	2.828427e+00	2.828427e+00
7.500000e+00	8.000000e+00	0.000000e+00	0.000000e+00	0.000000e+00
8.000000e+00	8.500000e+00	0.000000e+00	0.000000e+00	0.000000e+00
8.500000e+00	9.000000e+00	2.000000e+00	2.000000e+00	2.000000e+00
9.000000e+00	9.500000e+00	0.000000e+00	0.000000e+00	0.000000e+00
9.500000e+00	1.000000e+01	0.000000e+00	0.000000e+00	0.000000e+00
1.000000e+01	1.050000e+01	0.000000e+00	0.000000e+00	0.000000e+00
1.050000e+01	1.100000e+01	0.000000e+00	0.000000e+00	0.000000e+00
1.100000e+01	1.150000e+01	0.000000e+00	0.000000e+00	0.000000e+00
1.150000e+01	1.200000e+01	0.000000e+00	0.000000e+00	0.000000e+00
1.200000e+01	1.250000e+01	0.000000e+00	0.000000e+00	0.000000e+00
1.250000e+01	1.300000e+01	0.000000e+00	0.000000e+00	0.000000e+00
1.300000e+01	1.350000e+01	0.000000e+00	0.000000e+00	0.000000e+00
1.350000e+01	1.400000e+01	0.000000e+00	0.000000e+00	0.000000e+00
1.400000e+01	1.450000e+01	0.000000e+00	0.000000e+00	0.000000e+00
1.450000e+01	1.500000e+01	0.000000e+00	0.000000e+00	0.000000e+00
1.500000e+01	1.550000e+01	0.000000e+00	0.000000e+00	0.000000e+00
1.550000e+01	1.600000e+01	0.000000e+00	0.000000e+00	0.000000e+00
1.600000e+01	1.650000e+01	0.000000e+00	0.000000e+00	0.000000e+00
1.650000e+01	1.700000e+01	0.000000e+00	0.000000e+00	0.000000e+00
1.700000e+01	1.750000e+01	0.000000e+00	0.000000e+00	0.000000e+00
1.750000e+01	1.800000e+01	0.000000e+00	0.000000e+00	0.000000e+00
1.800000e+01	1.850000e+01	0.000000e+00	0.000000e+00	0.000000e+00
1.850000e+01	1.900000e+01	0.000000e+00	0.000000e+00	0.000000e+00
1.900000e+01	1.950000e+01	0.000000e+00	0.000000e+00	0.000000e+00
1.950000e+01	2.000000e+01	0.000000e+00	0.000000e+00	0.000000e+00
# END HISTOGRAM

# BEGIN HISTOGRAM /nfs/dust/cms/user/shwillia/BTV/Apr15/MC_Pythia8_QCD_Pt-50to80_MuEnrichedPt5_PionKaonDecay_Tune4C_13TeV/BTAG_JET_TRACK_SEL.yoda/BTAG_JET_TRACK_SEL/T_MuonPtRel_LightJets
LineColor={[HTML]{109618}}
LineStyle=solid
Path=/nfs/dust/cms/user/shwillia/BTV/Apr15/MC_Pythia8_QCD_Pt-50to80_MuEnrichedPt5_PionKaonDecay_Tune4C_13TeV/BTAG_JET_TRACK_SEL.yoda/BTAG_JET_TRACK_SEL/T_MuonPtRel_LightJets
Title=BTAG_JET_TRACK_SEL
XLabel=
YLabel=
# xlow	 xhigh	 val	 errminus	 errplus
0.000000e+00	5.000000e-01	1.644900e+06	1.813781e+03	1.813781e+03
5.000000e-01	1.000000e+00	8.536320e+05	1.306623e+03	1.306623e+03
1.000000e+00	1.500000e+00	2.271340e+05	6.739941e+02	6.739941e+02
1.500000e+00	2.000000e+00	5.780400e+04	3.400118e+02	3.400118e+02
2.000000e+00	2.500000e+00	1.451400e+04	1.703761e+02	1.703761e+02
2.500000e+00	3.000000e+00	4.544000e+03	9.533100e+01	9.533100e+01
3.000000e+00	3.500000e+00	1.706000e+03	5.841233e+01	5.841233e+01
3.500000e+00	4.000000e+00	6.540000e+02	3.616628e+01	3.616628e+01
4.000000e+00	4.500000e+00	2.400000e+02	2.190890e+01	2.190890e+01
4.500000e+00	5.000000e+00	1.720000e+02	1.854724e+01	1.854724e+01
5.000000e+00	5.500000e+00	8.200000e+01	1.280625e+01	1.280625e+01
5.500000e+00	6.000000e+00	2.600000e+01	7.211103e+00	7.211103e+00
6.000000e+00	6.500000e+00	1.800000e+01	6.000000e+00	6.000000e+00
6.500000e+00	7.000000e+00	1.600000e+01	5.656854e+00	5.656854e+00
7.000000e+00	7.500000e+00	8.000000e+00	4.000000e+00	4.000000e+00
7.500000e+00	8.000000e+00	2.000000e+00	2.000000e+00	2.000000e+00
8.000000e+00	8.500000e+00	2.000000e+00	2.000000e+00	2.000000e+00
8.500000e+00	9.000000e+00	2.000000e+00	2.000000e+00	2.000000e+00
9.000000e+00	9.500000e+00	2.000000e+00	2.000000e+00	2.000000e+00
9.500000e+00	1.000000e+01	0.000000e+00	0.000000e+00	0.000000e+00
1.000000e+01	1.050000e+01	2.000000e+00	2.000000e+00	2.000000e+00
1.050000e+01	1.100000e+01	0.000000e+00	0.000000e+00	0.000000e+00
1.100000e+01	1.150000e+01	0.000000e+00	0.000000e+00	0.000000e+00
1.150000e+01	1.200000e+01	0.000000e+00	0.000000e+00	0.000000e+00
1.200000e+01	1.250000e+01	0.000000e+00	0.000000e+00	0.000000e+00
1.250000e+01	1.300000e+01	0.000000e+00	0.000000e+00	0.000000e+00
1.300000e+01	1.350000e+01	0.000000e+00	0.000000e+00	0.000000e+00
1.350000e+01	1.400000e+01	0.000000e+00	0.000000e+00	0.000000e+00
1.400000e+01	1.450000e+01	0.000000e+00	0.000000e+00	0.000000e+00
1.450000e+01	1.500000e+01	0.000000e+00	0.000000e+00	0.000000e+00
1.500000e+01	1.550000e+01	0.000000e+00	0.000000e+00	0.000000e+00
1.550000e+01	1.600000e+01	0.000000e+00	0.000000e+00	0.000000e+00
1.600000e+01	1.650000e+01	0.000000e+00	0.000000e+00	0.000000e+00
1.650000e+01	1.700000e+01	0.000000e+00	0.000000e+00	0.000000e+00
1.700000e+01	1.750000e+01	0.000000e+00	0.000000e+00	0.000000e+00
1.750000e+01	1.800000e+01	0.000000e+00	0.000000e+00	0.000000e+00
1.800000e+01	1.850000e+01	0.000000e+00	0.000000e+00	0.000000e+00
1.850000e+01	1.900000e+01	0.000000e+00	0.000000e+00	0.000000e+00
1.900000e+01	1.950000e+01	0.000000e+00	0.000000e+00	0.000000e+00
1.950000e+01	2.000000e+01	0.000000e+00	0.000000e+00	0.000000e+00
# END HISTOGRAM

