# BEGIN PLOT
DrawOnly=/nfs/dust/cms/user/shwillia/BTV/Apr15/MC_Pythia6_QCD_Pt-50to80_MuEnrichedPt5_TuneZ2star_13TeV/BTAG_JET_TRACK_SEL.yoda/BTAG_JET_TRACK_SEL/U_MuonJetDr_LightJets /nfs/dust/cms/user/shwillia/BTV/Apr15/MC_Pythia8_QCD_Pt-50to80_MuEnrichedPt5_Tune4C_13TeV/BTAG_JET_TRACK_SEL.yoda/BTAG_JET_TRACK_SEL/U_MuonJetDr_LightJets /nfs/dust/cms/user/shwillia/BTV/Apr15/MC_Pythia8_QCD_Pt-50to80_MuEnrichedPt5_PionKaonDecay_Tune4C_13TeV/BTAG_JET_TRACK_SEL.yoda/BTAG_JET_TRACK_SEL/U_MuonJetDr_LightJets
RatioPlotReference=/nfs/dust/cms/user/shwillia/BTV/Apr15/MC_Pythia6_QCD_Pt-50to80_MuEnrichedPt5_TuneZ2star_13TeV/BTAG_JET_TRACK_SEL.yoda/BTAG_JET_TRACK_SEL/U_MuonJetDr_LightJets
RatioPlot=1
Legend=1
XLabel=$\Delta R(Muon,Jet)$
YLabel=Normalized to Unity
LogY=1
NormalizeToSum=1
# END PLOT

# BEGIN HISTOGRAM /nfs/dust/cms/user/shwillia/BTV/Apr15/MC_Pythia6_QCD_Pt-50to80_MuEnrichedPt5_TuneZ2star_13TeV/BTAG_JET_TRACK_SEL.yoda/BTAG_JET_TRACK_SEL/U_MuonJetDr_LightJets
LineColor={[HTML]{EE3311}}
LineStyle=solid
Path=/nfs/dust/cms/user/shwillia/BTV/Apr15/MC_Pythia6_QCD_Pt-50to80_MuEnrichedPt5_TuneZ2star_13TeV/BTAG_JET_TRACK_SEL.yoda/BTAG_JET_TRACK_SEL/U_MuonJetDr_LightJets
Rebin=2
Title=BTAG_JET_TRACK_SEL
XLabel=
YLabel=
# xlow	 xhigh	 val	 errminus	 errplus
0.000000e+00	1.000000e-02	3.215000e+05	5.670097e+03	5.670097e+03
1.000000e-02	2.000000e-02	9.186000e+05	9.584362e+03	9.584362e+03
2.000000e-02	3.000000e-02	1.324700e+06	1.150956e+04	1.150956e+04
3.000000e-02	4.000000e-02	1.533700e+06	1.238426e+04	1.238426e+04
4.000000e-02	5.000000e-02	1.612200e+06	1.269724e+04	1.269724e+04
5.000000e-02	6.000000e-02	1.579000e+06	1.256583e+04	1.256583e+04
6.000000e-02	7.000000e-02	1.487900e+06	1.219795e+04	1.219795e+04
7.000000e-02	8.000000e-02	1.376700e+06	1.173329e+04	1.173329e+04
8.000000e-02	9.000000e-02	1.225800e+06	1.107159e+04	1.107159e+04
9.000000e-02	1.000000e-01	1.078100e+06	1.038316e+04	1.038316e+04
1.000000e-01	1.100000e-01	9.487000e+05	9.740123e+03	9.740123e+03
1.100000e-01	1.200000e-01	8.252000e+05	9.084052e+03	9.084052e+03
1.200000e-01	1.300000e-01	7.395000e+05	8.599419e+03	8.599419e+03
1.300000e-01	1.400000e-01	6.427000e+05	8.016857e+03	8.016857e+03
1.400000e-01	1.500000e-01	5.629000e+05	7.502666e+03	7.502666e+03
1.500000e-01	1.600000e-01	4.980000e+05	7.056912e+03	7.056912e+03
1.600000e-01	1.700000e-01	4.440000e+05	6.663332e+03	6.663332e+03
1.700000e-01	1.800000e-01	3.899000e+05	6.244197e+03	6.244197e+03
1.800000e-01	1.900000e-01	3.622000e+05	6.018305e+03	6.018305e+03
1.900000e-01	2.000000e-01	3.315000e+05	5.757604e+03	5.757604e+03
2.000000e-01	2.100000e-01	2.944000e+05	5.425864e+03	5.425864e+03
2.100000e-01	2.200000e-01	2.693000e+05	5.189412e+03	5.189412e+03
2.200000e-01	2.300000e-01	2.454000e+05	4.953786e+03	4.953786e+03
2.300000e-01	2.400000e-01	2.360000e+05	4.857983e+03	4.857983e+03
2.400000e-01	2.500000e-01	2.120000e+05	4.604346e+03	4.604346e+03
2.500000e-01	2.600000e-01	1.924000e+05	4.386342e+03	4.386342e+03
2.600000e-01	2.700000e-01	1.849000e+05	4.300000e+03	4.300000e+03
2.700000e-01	2.800000e-01	1.714000e+05	4.140048e+03	4.140048e+03
2.800000e-01	2.900000e-01	1.588000e+05	3.984972e+03	3.984972e+03
2.900000e-01	3.000000e-01	1.488000e+05	3.857460e+03	3.857460e+03
3.000000e-01	3.100000e-01	0.000000e+00	0.000000e+00	0.000000e+00
3.100000e-01	3.200000e-01	0.000000e+00	0.000000e+00	0.000000e+00
3.200000e-01	3.300000e-01	0.000000e+00	0.000000e+00	0.000000e+00
3.300000e-01	3.400000e-01	0.000000e+00	0.000000e+00	0.000000e+00
3.400000e-01	3.500000e-01	0.000000e+00	0.000000e+00	0.000000e+00
3.500000e-01	3.600000e-01	0.000000e+00	0.000000e+00	0.000000e+00
3.600000e-01	3.700000e-01	0.000000e+00	0.000000e+00	0.000000e+00
3.700000e-01	3.800000e-01	0.000000e+00	0.000000e+00	0.000000e+00
3.800000e-01	3.900000e-01	0.000000e+00	0.000000e+00	0.000000e+00
3.900000e-01	4.000000e-01	0.000000e+00	0.000000e+00	0.000000e+00
4.000000e-01	4.100000e-01	0.000000e+00	0.000000e+00	0.000000e+00
4.100000e-01	4.200000e-01	0.000000e+00	0.000000e+00	0.000000e+00
4.200000e-01	4.300000e-01	0.000000e+00	0.000000e+00	0.000000e+00
4.300000e-01	4.400000e-01	0.000000e+00	0.000000e+00	0.000000e+00
4.400000e-01	4.500000e-01	0.000000e+00	0.000000e+00	0.000000e+00
4.500000e-01	4.600000e-01	0.000000e+00	0.000000e+00	0.000000e+00
4.600000e-01	4.700000e-01	0.000000e+00	0.000000e+00	0.000000e+00
4.700000e-01	4.800000e-01	0.000000e+00	0.000000e+00	0.000000e+00
4.800000e-01	4.900000e-01	0.000000e+00	0.000000e+00	0.000000e+00
4.900000e-01	5.000000e-01	0.000000e+00	0.000000e+00	0.000000e+00
5.000000e-01	5.100000e-01	0.000000e+00	0.000000e+00	0.000000e+00
5.100000e-01	5.200000e-01	0.000000e+00	0.000000e+00	0.000000e+00
5.200000e-01	5.300000e-01	0.000000e+00	0.000000e+00	0.000000e+00
5.300000e-01	5.400000e-01	0.000000e+00	0.000000e+00	0.000000e+00
5.400000e-01	5.500000e-01	0.000000e+00	0.000000e+00	0.000000e+00
5.500000e-01	5.600000e-01	0.000000e+00	0.000000e+00	0.000000e+00
5.600000e-01	5.700000e-01	0.000000e+00	0.000000e+00	0.000000e+00
5.700000e-01	5.800000e-01	0.000000e+00	0.000000e+00	0.000000e+00
5.800000e-01	5.900000e-01	0.000000e+00	0.000000e+00	0.000000e+00
5.900000e-01	6.000000e-01	0.000000e+00	0.000000e+00	0.000000e+00
6.000000e-01	6.100000e-01	0.000000e+00	0.000000e+00	0.000000e+00
6.100000e-01	6.200000e-01	0.000000e+00	0.000000e+00	0.000000e+00
6.200000e-01	6.300000e-01	0.000000e+00	0.000000e+00	0.000000e+00
6.300000e-01	6.400000e-01	0.000000e+00	0.000000e+00	0.000000e+00
6.400000e-01	6.500000e-01	0.000000e+00	0.000000e+00	0.000000e+00
6.500000e-01	6.600000e-01	0.000000e+00	0.000000e+00	0.000000e+00
6.600000e-01	6.700000e-01	0.000000e+00	0.000000e+00	0.000000e+00
6.700000e-01	6.800000e-01	0.000000e+00	0.000000e+00	0.000000e+00
6.800000e-01	6.900000e-01	0.000000e+00	0.000000e+00	0.000000e+00
6.900000e-01	7.000000e-01	0.000000e+00	0.000000e+00	0.000000e+00
# END HISTOGRAM

# BEGIN HISTOGRAM /nfs/dust/cms/user/shwillia/BTV/Apr15/MC_Pythia8_QCD_Pt-50to80_MuEnrichedPt5_Tune4C_13TeV/BTAG_JET_TRACK_SEL.yoda/BTAG_JET_TRACK_SEL/U_MuonJetDr_LightJets
LineColor={[HTML]{3366FF}}
LineStyle=solid
Path=/nfs/dust/cms/user/shwillia/BTV/Apr15/MC_Pythia8_QCD_Pt-50to80_MuEnrichedPt5_Tune4C_13TeV/BTAG_JET_TRACK_SEL.yoda/BTAG_JET_TRACK_SEL/U_MuonJetDr_LightJets
Rebin=2
Title=BTAG_JET_TRACK_SEL
XLabel=
YLabel=
# xlow	 xhigh	 val	 errminus	 errplus
0.000000e+00	1.000000e-02	4.520000e+04	2.126029e+03	2.126029e+03
1.000000e-02	2.000000e-02	1.096000e+05	3.310589e+03	3.310589e+03
2.000000e-02	3.000000e-02	1.462000e+05	3.823611e+03	3.823611e+03
3.000000e-02	4.000000e-02	1.613000e+05	4.016217e+03	4.016217e+03
4.000000e-02	5.000000e-02	1.618000e+05	4.022437e+03	4.022437e+03
5.000000e-02	6.000000e-02	1.555000e+05	3.943349e+03	3.943349e+03
6.000000e-02	7.000000e-02	1.330000e+05	3.646917e+03	3.646917e+03
7.000000e-02	8.000000e-02	1.309000e+05	3.618011e+03	3.618011e+03
8.000000e-02	9.000000e-02	1.125000e+05	3.354102e+03	3.354102e+03
9.000000e-02	1.000000e-01	1.042000e+05	3.228002e+03	3.228002e+03
1.000000e-01	1.100000e-01	9.010000e+04	3.001666e+03	3.001666e+03
1.100000e-01	1.200000e-01	8.250000e+04	2.872281e+03	2.872281e+03
1.200000e-01	1.300000e-01	7.040000e+04	2.653300e+03	2.653300e+03
1.300000e-01	1.400000e-01	6.100000e+04	2.469818e+03	2.469818e+03
1.400000e-01	1.500000e-01	5.670000e+04	2.381176e+03	2.381176e+03
1.500000e-01	1.600000e-01	4.740000e+04	2.177154e+03	2.177154e+03
1.600000e-01	1.700000e-01	4.250000e+04	2.061553e+03	2.061553e+03
1.700000e-01	1.800000e-01	3.690000e+04	1.920937e+03	1.920937e+03
1.800000e-01	1.900000e-01	3.360000e+04	1.833030e+03	1.833030e+03
1.900000e-01	2.000000e-01	2.960000e+04	1.720465e+03	1.720465e+03
2.000000e-01	2.100000e-01	3.150000e+04	1.774824e+03	1.774824e+03
2.100000e-01	2.200000e-01	2.370000e+04	1.539480e+03	1.539480e+03
2.200000e-01	2.300000e-01	2.560000e+04	1.600000e+03	1.600000e+03
2.300000e-01	2.400000e-01	2.190000e+04	1.479865e+03	1.479865e+03
2.400000e-01	2.500000e-01	2.020000e+04	1.421267e+03	1.421267e+03
2.500000e-01	2.600000e-01	2.080000e+04	1.442221e+03	1.442221e+03
2.600000e-01	2.700000e-01	2.070000e+04	1.438749e+03	1.438749e+03
2.700000e-01	2.800000e-01	1.620000e+04	1.272792e+03	1.272792e+03
2.800000e-01	2.900000e-01	1.680000e+04	1.296148e+03	1.296148e+03
2.900000e-01	3.000000e-01	1.720000e+04	1.311488e+03	1.311488e+03
3.000000e-01	3.100000e-01	0.000000e+00	0.000000e+00	0.000000e+00
3.100000e-01	3.200000e-01	0.000000e+00	0.000000e+00	0.000000e+00
3.200000e-01	3.300000e-01	0.000000e+00	0.000000e+00	0.000000e+00
3.300000e-01	3.400000e-01	0.000000e+00	0.000000e+00	0.000000e+00
3.400000e-01	3.500000e-01	0.000000e+00	0.000000e+00	0.000000e+00
3.500000e-01	3.600000e-01	0.000000e+00	0.000000e+00	0.000000e+00
3.600000e-01	3.700000e-01	0.000000e+00	0.000000e+00	0.000000e+00
3.700000e-01	3.800000e-01	0.000000e+00	0.000000e+00	0.000000e+00
3.800000e-01	3.900000e-01	0.000000e+00	0.000000e+00	0.000000e+00
3.900000e-01	4.000000e-01	0.000000e+00	0.000000e+00	0.000000e+00
4.000000e-01	4.100000e-01	0.000000e+00	0.000000e+00	0.000000e+00
4.100000e-01	4.200000e-01	0.000000e+00	0.000000e+00	0.000000e+00
4.200000e-01	4.300000e-01	0.000000e+00	0.000000e+00	0.000000e+00
4.300000e-01	4.400000e-01	0.000000e+00	0.000000e+00	0.000000e+00
4.400000e-01	4.500000e-01	0.000000e+00	0.000000e+00	0.000000e+00
4.500000e-01	4.600000e-01	0.000000e+00	0.000000e+00	0.000000e+00
4.600000e-01	4.700000e-01	0.000000e+00	0.000000e+00	0.000000e+00
4.700000e-01	4.800000e-01	0.000000e+00	0.000000e+00	0.000000e+00
4.800000e-01	4.900000e-01	0.000000e+00	0.000000e+00	0.000000e+00
4.900000e-01	5.000000e-01	0.000000e+00	0.000000e+00	0.000000e+00
5.000000e-01	5.100000e-01	0.000000e+00	0.000000e+00	0.000000e+00
5.100000e-01	5.200000e-01	0.000000e+00	0.000000e+00	0.000000e+00
5.200000e-01	5.300000e-01	0.000000e+00	0.000000e+00	0.000000e+00
5.300000e-01	5.400000e-01	0.000000e+00	0.000000e+00	0.000000e+00
5.400000e-01	5.500000e-01	0.000000e+00	0.000000e+00	0.000000e+00
5.500000e-01	5.600000e-01	0.000000e+00	0.000000e+00	0.000000e+00
5.600000e-01	5.700000e-01	0.000000e+00	0.000000e+00	0.000000e+00
5.700000e-01	5.800000e-01	0.000000e+00	0.000000e+00	0.000000e+00
5.800000e-01	5.900000e-01	0.000000e+00	0.000000e+00	0.000000e+00
5.900000e-01	6.000000e-01	0.000000e+00	0.000000e+00	0.000000e+00
6.000000e-01	6.100000e-01	0.000000e+00	0.000000e+00	0.000000e+00
6.100000e-01	6.200000e-01	0.000000e+00	0.000000e+00	0.000000e+00
6.200000e-01	6.300000e-01	0.000000e+00	0.000000e+00	0.000000e+00
6.300000e-01	6.400000e-01	0.000000e+00	0.000000e+00	0.000000e+00
6.400000e-01	6.500000e-01	0.000000e+00	0.000000e+00	0.000000e+00
6.500000e-01	6.600000e-01	0.000000e+00	0.000000e+00	0.000000e+00
6.600000e-01	6.700000e-01	0.000000e+00	0.000000e+00	0.000000e+00
6.700000e-01	6.800000e-01	0.000000e+00	0.000000e+00	0.000000e+00
6.800000e-01	6.900000e-01	0.000000e+00	0.000000e+00	0.000000e+00
6.900000e-01	7.000000e-01	0.000000e+00	0.000000e+00	0.000000e+00
# END HISTOGRAM

# BEGIN HISTOGRAM /nfs/dust/cms/user/shwillia/BTV/Apr15/MC_Pythia8_QCD_Pt-50to80_MuEnrichedPt5_PionKaonDecay_Tune4C_13TeV/BTAG_JET_TRACK_SEL.yoda/BTAG_JET_TRACK_SEL/U_MuonJetDr_LightJets
LineColor={[HTML]{109618}}
LineStyle=solid
Path=/nfs/dust/cms/user/shwillia/BTV/Apr15/MC_Pythia8_QCD_Pt-50to80_MuEnrichedPt5_PionKaonDecay_Tune4C_13TeV/BTAG_JET_TRACK_SEL.yoda/BTAG_JET_TRACK_SEL/U_MuonJetDr_LightJets
Rebin=2
Title=BTAG_JET_TRACK_SEL
XLabel=
YLabel=
# xlow	 xhigh	 val	 errminus	 errplus
0.000000e+00	1.000000e-02	2.152000e+06	1.466970e+04	1.466970e+04
1.000000e-02	2.000000e-02	5.932700e+06	2.435713e+04	2.435713e+04
2.000000e-02	3.000000e-02	8.661200e+06	2.942992e+04	2.942992e+04
3.000000e-02	4.000000e-02	1.022960e+07	3.198375e+04	3.198375e+04
4.000000e-02	5.000000e-02	1.079710e+07	3.285894e+04	3.285894e+04
5.000000e-02	6.000000e-02	1.069790e+07	3.270764e+04	3.270764e+04
6.000000e-02	7.000000e-02	1.008800e+07	3.176161e+04	3.176161e+04
7.000000e-02	8.000000e-02	9.296200e+06	3.048967e+04	3.048967e+04
8.000000e-02	9.000000e-02	8.450200e+06	2.906923e+04	2.906923e+04
9.000000e-02	1.000000e-01	7.556800e+06	2.748963e+04	2.748963e+04
1.000000e-01	1.100000e-01	6.624800e+06	2.573869e+04	2.573869e+04
1.100000e-01	1.200000e-01	5.865800e+06	2.421941e+04	2.421941e+04
1.200000e-01	1.300000e-01	5.181100e+06	2.276203e+04	2.276203e+04
1.300000e-01	1.400000e-01	4.515400e+06	2.124947e+04	2.124947e+04
1.400000e-01	1.500000e-01	4.063600e+06	2.015837e+04	2.015837e+04
1.500000e-01	1.600000e-01	3.564900e+06	1.888094e+04	1.888094e+04
1.600000e-01	1.700000e-01	3.182600e+06	1.783984e+04	1.783984e+04
1.700000e-01	1.800000e-01	2.894200e+06	1.701235e+04	1.701235e+04
1.800000e-01	1.900000e-01	2.625000e+06	1.620185e+04	1.620185e+04
1.900000e-01	2.000000e-01	2.349500e+06	1.532808e+04	1.532808e+04
2.000000e-01	2.100000e-01	2.157300e+06	1.468775e+04	1.468775e+04
2.100000e-01	2.200000e-01	1.976100e+06	1.405738e+04	1.405738e+04
2.200000e-01	2.300000e-01	1.814700e+06	1.347108e+04	1.347108e+04
2.300000e-01	2.400000e-01	1.678400e+06	1.295531e+04	1.295531e+04
2.400000e-01	2.500000e-01	1.565200e+06	1.251080e+04	1.251080e+04
2.500000e-01	2.600000e-01	1.430200e+06	1.195910e+04	1.195910e+04
2.600000e-01	2.700000e-01	1.351600e+06	1.162583e+04	1.162583e+04
2.700000e-01	2.800000e-01	1.262400e+06	1.123566e+04	1.123566e+04
2.800000e-01	2.900000e-01	1.202100e+06	1.096403e+04	1.096403e+04
2.900000e-01	3.000000e-01	1.106400e+06	1.051856e+04	1.051856e+04
3.000000e-01	3.100000e-01	0.000000e+00	0.000000e+00	0.000000e+00
3.100000e-01	3.200000e-01	0.000000e+00	0.000000e+00	0.000000e+00
3.200000e-01	3.300000e-01	0.000000e+00	0.000000e+00	0.000000e+00
3.300000e-01	3.400000e-01	0.000000e+00	0.000000e+00	0.000000e+00
3.400000e-01	3.500000e-01	0.000000e+00	0.000000e+00	0.000000e+00
3.500000e-01	3.600000e-01	0.000000e+00	0.000000e+00	0.000000e+00
3.600000e-01	3.700000e-01	0.000000e+00	0.000000e+00	0.000000e+00
3.700000e-01	3.800000e-01	0.000000e+00	0.000000e+00	0.000000e+00
3.800000e-01	3.900000e-01	0.000000e+00	0.000000e+00	0.000000e+00
3.900000e-01	4.000000e-01	0.000000e+00	0.000000e+00	0.000000e+00
4.000000e-01	4.100000e-01	0.000000e+00	0.000000e+00	0.000000e+00
4.100000e-01	4.200000e-01	0.000000e+00	0.000000e+00	0.000000e+00
4.200000e-01	4.300000e-01	0.000000e+00	0.000000e+00	0.000000e+00
4.300000e-01	4.400000e-01	0.000000e+00	0.000000e+00	0.000000e+00
4.400000e-01	4.500000e-01	0.000000e+00	0.000000e+00	0.000000e+00
4.500000e-01	4.600000e-01	0.000000e+00	0.000000e+00	0.000000e+00
4.600000e-01	4.700000e-01	0.000000e+00	0.000000e+00	0.000000e+00
4.700000e-01	4.800000e-01	0.000000e+00	0.000000e+00	0.000000e+00
4.800000e-01	4.900000e-01	0.000000e+00	0.000000e+00	0.000000e+00
4.900000e-01	5.000000e-01	0.000000e+00	0.000000e+00	0.000000e+00
5.000000e-01	5.100000e-01	0.000000e+00	0.000000e+00	0.000000e+00
5.100000e-01	5.200000e-01	0.000000e+00	0.000000e+00	0.000000e+00
5.200000e-01	5.300000e-01	0.000000e+00	0.000000e+00	0.000000e+00
5.300000e-01	5.400000e-01	0.000000e+00	0.000000e+00	0.000000e+00
5.400000e-01	5.500000e-01	0.000000e+00	0.000000e+00	0.000000e+00
5.500000e-01	5.600000e-01	0.000000e+00	0.000000e+00	0.000000e+00
5.600000e-01	5.700000e-01	0.000000e+00	0.000000e+00	0.000000e+00
5.700000e-01	5.800000e-01	0.000000e+00	0.000000e+00	0.000000e+00
5.800000e-01	5.900000e-01	0.000000e+00	0.000000e+00	0.000000e+00
5.900000e-01	6.000000e-01	0.000000e+00	0.000000e+00	0.000000e+00
6.000000e-01	6.100000e-01	0.000000e+00	0.000000e+00	0.000000e+00
6.100000e-01	6.200000e-01	0.000000e+00	0.000000e+00	0.000000e+00
6.200000e-01	6.300000e-01	0.000000e+00	0.000000e+00	0.000000e+00
6.300000e-01	6.400000e-01	0.000000e+00	0.000000e+00	0.000000e+00
6.400000e-01	6.500000e-01	0.000000e+00	0.000000e+00	0.000000e+00
6.500000e-01	6.600000e-01	0.000000e+00	0.000000e+00	0.000000e+00
6.600000e-01	6.700000e-01	0.000000e+00	0.000000e+00	0.000000e+00
6.700000e-01	6.800000e-01	0.000000e+00	0.000000e+00	0.000000e+00
6.800000e-01	6.900000e-01	0.000000e+00	0.000000e+00	0.000000e+00
6.900000e-01	7.000000e-01	0.000000e+00	0.000000e+00	0.000000e+00
# END HISTOGRAM

