# BEGIN PLOT
DrawOnly=/nfs/dust/cms/user/shwillia/BTV/Apr15/MC_Pythia6_QCD_Pt-50to80_MuEnrichedPt5_TuneZ2star_13TeV/BTAG_JET_TRACK_SEL.yoda/BTAG_JET_TRACK_SEL/U_MuonJetDr_AllJets /nfs/dust/cms/user/shwillia/BTV/Apr15/MC_Pythia8_QCD_Pt-50to80_MuEnrichedPt5_Tune4C_13TeV/BTAG_JET_TRACK_SEL.yoda/BTAG_JET_TRACK_SEL/U_MuonJetDr_AllJets /nfs/dust/cms/user/shwillia/BTV/Apr15/MC_Pythia8_QCD_Pt-50to80_MuEnrichedPt5_PionKaonDecay_Tune4C_13TeV/BTAG_JET_TRACK_SEL.yoda/BTAG_JET_TRACK_SEL/U_MuonJetDr_AllJets
RatioPlotReference=/nfs/dust/cms/user/shwillia/BTV/Apr15/MC_Pythia6_QCD_Pt-50to80_MuEnrichedPt5_TuneZ2star_13TeV/BTAG_JET_TRACK_SEL.yoda/BTAG_JET_TRACK_SEL/U_MuonJetDr_AllJets
RatioPlot=1
Legend=1
XLabel=$\Delta R(Muon,Jet)$
YLabel=Normalized to Unity
LogY=1
NormalizeToSum=1
# END PLOT

# BEGIN HISTOGRAM /nfs/dust/cms/user/shwillia/BTV/Apr15/MC_Pythia6_QCD_Pt-50to80_MuEnrichedPt5_TuneZ2star_13TeV/BTAG_JET_TRACK_SEL.yoda/BTAG_JET_TRACK_SEL/U_MuonJetDr_AllJets
LineColor={[HTML]{EE3311}}
LineStyle=solid
Path=/nfs/dust/cms/user/shwillia/BTV/Apr15/MC_Pythia6_QCD_Pt-50to80_MuEnrichedPt5_TuneZ2star_13TeV/BTAG_JET_TRACK_SEL.yoda/BTAG_JET_TRACK_SEL/U_MuonJetDr_AllJets
Rebin=2
Title=BTAG_JET_TRACK_SEL
XLabel=
YLabel=
# xlow	 xhigh	 val	 errminus	 errplus
0.000000e+00	1.000000e-02	8.351000e+05	9.138381e+03	9.138381e+03
1.000000e-02	2.000000e-02	2.328500e+06	1.525942e+04	1.525942e+04
2.000000e-02	3.000000e-02	3.355200e+06	1.831721e+04	1.831721e+04
3.000000e-02	4.000000e-02	3.860300e+06	1.964765e+04	1.964765e+04
4.000000e-02	5.000000e-02	4.065200e+06	2.016234e+04	2.016234e+04
5.000000e-02	6.000000e-02	3.933400e+06	1.983280e+04	1.983280e+04
6.000000e-02	7.000000e-02	3.743300e+06	1.934761e+04	1.934761e+04
7.000000e-02	8.000000e-02	3.423400e+06	1.850243e+04	1.850243e+04
8.000000e-02	9.000000e-02	3.077300e+06	1.754223e+04	1.754223e+04
9.000000e-02	1.000000e-01	2.735400e+06	1.653904e+04	1.653904e+04
1.000000e-01	1.100000e-01	2.433500e+06	1.559968e+04	1.559968e+04
1.100000e-01	1.200000e-01	2.141000e+06	1.463216e+04	1.463216e+04
1.200000e-01	1.300000e-01	1.929300e+06	1.388992e+04	1.388992e+04
1.300000e-01	1.400000e-01	1.702200e+06	1.304684e+04	1.304684e+04
1.400000e-01	1.500000e-01	1.519200e+06	1.232558e+04	1.232558e+04
1.500000e-01	1.600000e-01	1.339100e+06	1.157195e+04	1.157195e+04
1.600000e-01	1.700000e-01	1.194900e+06	1.093115e+04	1.093115e+04
1.700000e-01	1.800000e-01	1.080500e+06	1.039471e+04	1.039471e+04
1.800000e-01	1.900000e-01	9.774000e+05	9.886354e+03	9.886354e+03
1.900000e-01	2.000000e-01	8.953000e+05	9.462029e+03	9.462029e+03
2.000000e-01	2.100000e-01	7.921000e+05	8.900000e+03	8.900000e+03
2.100000e-01	2.200000e-01	7.159000e+05	8.461087e+03	8.461087e+03
2.200000e-01	2.300000e-01	6.485000e+05	8.052950e+03	8.052950e+03
2.300000e-01	2.400000e-01	6.031000e+05	7.765951e+03	7.765951e+03
2.400000e-01	2.500000e-01	5.481000e+05	7.403378e+03	7.403378e+03
2.500000e-01	2.600000e-01	4.964000e+05	7.045566e+03	7.045566e+03
2.600000e-01	2.700000e-01	4.559000e+05	6.752037e+03	6.752037e+03
2.700000e-01	2.800000e-01	4.208000e+05	6.486910e+03	6.486910e+03
2.800000e-01	2.900000e-01	3.792000e+05	6.157922e+03	6.157922e+03
2.900000e-01	3.000000e-01	3.491000e+05	5.908468e+03	5.908468e+03
3.000000e-01	3.100000e-01	0.000000e+00	0.000000e+00	0.000000e+00
3.100000e-01	3.200000e-01	0.000000e+00	0.000000e+00	0.000000e+00
3.200000e-01	3.300000e-01	0.000000e+00	0.000000e+00	0.000000e+00
3.300000e-01	3.400000e-01	0.000000e+00	0.000000e+00	0.000000e+00
3.400000e-01	3.500000e-01	0.000000e+00	0.000000e+00	0.000000e+00
3.500000e-01	3.600000e-01	0.000000e+00	0.000000e+00	0.000000e+00
3.600000e-01	3.700000e-01	0.000000e+00	0.000000e+00	0.000000e+00
3.700000e-01	3.800000e-01	0.000000e+00	0.000000e+00	0.000000e+00
3.800000e-01	3.900000e-01	0.000000e+00	0.000000e+00	0.000000e+00
3.900000e-01	4.000000e-01	0.000000e+00	0.000000e+00	0.000000e+00
4.000000e-01	4.100000e-01	0.000000e+00	0.000000e+00	0.000000e+00
4.100000e-01	4.200000e-01	0.000000e+00	0.000000e+00	0.000000e+00
4.200000e-01	4.300000e-01	0.000000e+00	0.000000e+00	0.000000e+00
4.300000e-01	4.400000e-01	0.000000e+00	0.000000e+00	0.000000e+00
4.400000e-01	4.500000e-01	0.000000e+00	0.000000e+00	0.000000e+00
4.500000e-01	4.600000e-01	0.000000e+00	0.000000e+00	0.000000e+00
4.600000e-01	4.700000e-01	0.000000e+00	0.000000e+00	0.000000e+00
4.700000e-01	4.800000e-01	0.000000e+00	0.000000e+00	0.000000e+00
4.800000e-01	4.900000e-01	0.000000e+00	0.000000e+00	0.000000e+00
4.900000e-01	5.000000e-01	0.000000e+00	0.000000e+00	0.000000e+00
5.000000e-01	5.100000e-01	0.000000e+00	0.000000e+00	0.000000e+00
5.100000e-01	5.200000e-01	0.000000e+00	0.000000e+00	0.000000e+00
5.200000e-01	5.300000e-01	0.000000e+00	0.000000e+00	0.000000e+00
5.300000e-01	5.400000e-01	0.000000e+00	0.000000e+00	0.000000e+00
5.400000e-01	5.500000e-01	0.000000e+00	0.000000e+00	0.000000e+00
5.500000e-01	5.600000e-01	0.000000e+00	0.000000e+00	0.000000e+00
5.600000e-01	5.700000e-01	0.000000e+00	0.000000e+00	0.000000e+00
5.700000e-01	5.800000e-01	0.000000e+00	0.000000e+00	0.000000e+00
5.800000e-01	5.900000e-01	0.000000e+00	0.000000e+00	0.000000e+00
5.900000e-01	6.000000e-01	0.000000e+00	0.000000e+00	0.000000e+00
6.000000e-01	6.100000e-01	0.000000e+00	0.000000e+00	0.000000e+00
6.100000e-01	6.200000e-01	0.000000e+00	0.000000e+00	0.000000e+00
6.200000e-01	6.300000e-01	0.000000e+00	0.000000e+00	0.000000e+00
6.300000e-01	6.400000e-01	0.000000e+00	0.000000e+00	0.000000e+00
6.400000e-01	6.500000e-01	0.000000e+00	0.000000e+00	0.000000e+00
6.500000e-01	6.600000e-01	0.000000e+00	0.000000e+00	0.000000e+00
6.600000e-01	6.700000e-01	0.000000e+00	0.000000e+00	0.000000e+00
6.700000e-01	6.800000e-01	0.000000e+00	0.000000e+00	0.000000e+00
6.800000e-01	6.900000e-01	0.000000e+00	0.000000e+00	0.000000e+00
6.900000e-01	7.000000e-01	0.000000e+00	0.000000e+00	0.000000e+00
# END HISTOGRAM

# BEGIN HISTOGRAM /nfs/dust/cms/user/shwillia/BTV/Apr15/MC_Pythia8_QCD_Pt-50to80_MuEnrichedPt5_Tune4C_13TeV/BTAG_JET_TRACK_SEL.yoda/BTAG_JET_TRACK_SEL/U_MuonJetDr_AllJets
LineColor={[HTML]{3366FF}}
LineStyle=solid
Path=/nfs/dust/cms/user/shwillia/BTV/Apr15/MC_Pythia8_QCD_Pt-50to80_MuEnrichedPt5_Tune4C_13TeV/BTAG_JET_TRACK_SEL.yoda/BTAG_JET_TRACK_SEL/U_MuonJetDr_AllJets
Rebin=2
Title=BTAG_JET_TRACK_SEL
XLabel=
YLabel=
# xlow	 xhigh	 val	 errminus	 errplus
0.000000e+00	1.000000e-02	2.437600e+06	1.561282e+04	1.561282e+04
1.000000e-02	2.000000e-02	6.551300e+06	2.559551e+04	2.559551e+04
2.000000e-02	3.000000e-02	9.299200e+06	3.049459e+04	3.049459e+04
3.000000e-02	4.000000e-02	1.075770e+07	3.279893e+04	3.279893e+04
4.000000e-02	5.000000e-02	1.115900e+07	3.340509e+04	3.340509e+04
5.000000e-02	6.000000e-02	1.094740e+07	3.308686e+04	3.308686e+04
6.000000e-02	7.000000e-02	1.027770e+07	3.205885e+04	3.205885e+04
7.000000e-02	8.000000e-02	9.439400e+06	3.072361e+04	3.072361e+04
8.000000e-02	9.000000e-02	8.480400e+06	2.912113e+04	2.912113e+04
9.000000e-02	1.000000e-01	7.661200e+06	2.767887e+04	2.767887e+04
1.000000e-01	1.100000e-01	6.769400e+06	2.601807e+04	2.601807e+04
1.100000e-01	1.200000e-01	6.022300e+06	2.454037e+04	2.454037e+04
1.200000e-01	1.300000e-01	5.315800e+06	2.305602e+04	2.305602e+04
1.300000e-01	1.400000e-01	4.737800e+06	2.176649e+04	2.176649e+04
1.400000e-01	1.500000e-01	4.212700e+06	2.052486e+04	2.052486e+04
1.500000e-01	1.600000e-01	3.729400e+06	1.931165e+04	1.931165e+04
1.600000e-01	1.700000e-01	3.349400e+06	1.830137e+04	1.830137e+04
1.700000e-01	1.800000e-01	2.976000e+06	1.725109e+04	1.725109e+04
1.800000e-01	1.900000e-01	2.664800e+06	1.632422e+04	1.632422e+04
1.900000e-01	2.000000e-01	2.382400e+06	1.543503e+04	1.543503e+04
2.000000e-01	2.100000e-01	2.140500e+06	1.463045e+04	1.463045e+04
2.100000e-01	2.200000e-01	1.925600e+06	1.387660e+04	1.387660e+04
2.200000e-01	2.300000e-01	1.698800e+06	1.303380e+04	1.303380e+04
2.300000e-01	2.400000e-01	1.519900e+06	1.232842e+04	1.232842e+04
2.400000e-01	2.500000e-01	1.350700e+06	1.162196e+04	1.162196e+04
2.500000e-01	2.600000e-01	1.236500e+06	1.111980e+04	1.111980e+04
2.600000e-01	2.700000e-01	1.086700e+06	1.042449e+04	1.042449e+04
2.700000e-01	2.800000e-01	9.627000e+05	9.811728e+03	9.811728e+03
2.800000e-01	2.900000e-01	8.732000e+05	9.344517e+03	9.344517e+03
2.900000e-01	3.000000e-01	7.814000e+05	8.839683e+03	8.839683e+03
3.000000e-01	3.100000e-01	0.000000e+00	0.000000e+00	0.000000e+00
3.100000e-01	3.200000e-01	0.000000e+00	0.000000e+00	0.000000e+00
3.200000e-01	3.300000e-01	0.000000e+00	0.000000e+00	0.000000e+00
3.300000e-01	3.400000e-01	0.000000e+00	0.000000e+00	0.000000e+00
3.400000e-01	3.500000e-01	0.000000e+00	0.000000e+00	0.000000e+00
3.500000e-01	3.600000e-01	0.000000e+00	0.000000e+00	0.000000e+00
3.600000e-01	3.700000e-01	0.000000e+00	0.000000e+00	0.000000e+00
3.700000e-01	3.800000e-01	0.000000e+00	0.000000e+00	0.000000e+00
3.800000e-01	3.900000e-01	0.000000e+00	0.000000e+00	0.000000e+00
3.900000e-01	4.000000e-01	0.000000e+00	0.000000e+00	0.000000e+00
4.000000e-01	4.100000e-01	0.000000e+00	0.000000e+00	0.000000e+00
4.100000e-01	4.200000e-01	0.000000e+00	0.000000e+00	0.000000e+00
4.200000e-01	4.300000e-01	0.000000e+00	0.000000e+00	0.000000e+00
4.300000e-01	4.400000e-01	0.000000e+00	0.000000e+00	0.000000e+00
4.400000e-01	4.500000e-01	0.000000e+00	0.000000e+00	0.000000e+00
4.500000e-01	4.600000e-01	0.000000e+00	0.000000e+00	0.000000e+00
4.600000e-01	4.700000e-01	0.000000e+00	0.000000e+00	0.000000e+00
4.700000e-01	4.800000e-01	0.000000e+00	0.000000e+00	0.000000e+00
4.800000e-01	4.900000e-01	0.000000e+00	0.000000e+00	0.000000e+00
4.900000e-01	5.000000e-01	0.000000e+00	0.000000e+00	0.000000e+00
5.000000e-01	5.100000e-01	0.000000e+00	0.000000e+00	0.000000e+00
5.100000e-01	5.200000e-01	0.000000e+00	0.000000e+00	0.000000e+00
5.200000e-01	5.300000e-01	0.000000e+00	0.000000e+00	0.000000e+00
5.300000e-01	5.400000e-01	0.000000e+00	0.000000e+00	0.000000e+00
5.400000e-01	5.500000e-01	0.000000e+00	0.000000e+00	0.000000e+00
5.500000e-01	5.600000e-01	0.000000e+00	0.000000e+00	0.000000e+00
5.600000e-01	5.700000e-01	0.000000e+00	0.000000e+00	0.000000e+00
5.700000e-01	5.800000e-01	0.000000e+00	0.000000e+00	0.000000e+00
5.800000e-01	5.900000e-01	0.000000e+00	0.000000e+00	0.000000e+00
5.900000e-01	6.000000e-01	0.000000e+00	0.000000e+00	0.000000e+00
6.000000e-01	6.100000e-01	0.000000e+00	0.000000e+00	0.000000e+00
6.100000e-01	6.200000e-01	0.000000e+00	0.000000e+00	0.000000e+00
6.200000e-01	6.300000e-01	0.000000e+00	0.000000e+00	0.000000e+00
6.300000e-01	6.400000e-01	0.000000e+00	0.000000e+00	0.000000e+00
6.400000e-01	6.500000e-01	0.000000e+00	0.000000e+00	0.000000e+00
6.500000e-01	6.600000e-01	0.000000e+00	0.000000e+00	0.000000e+00
6.600000e-01	6.700000e-01	0.000000e+00	0.000000e+00	0.000000e+00
6.700000e-01	6.800000e-01	0.000000e+00	0.000000e+00	0.000000e+00
6.800000e-01	6.900000e-01	0.000000e+00	0.000000e+00	0.000000e+00
6.900000e-01	7.000000e-01	0.000000e+00	0.000000e+00	0.000000e+00
# END HISTOGRAM

# BEGIN HISTOGRAM /nfs/dust/cms/user/shwillia/BTV/Apr15/MC_Pythia8_QCD_Pt-50to80_MuEnrichedPt5_PionKaonDecay_Tune4C_13TeV/BTAG_JET_TRACK_SEL.yoda/BTAG_JET_TRACK_SEL/U_MuonJetDr_AllJets
LineColor={[HTML]{109618}}
LineStyle=solid
Path=/nfs/dust/cms/user/shwillia/BTV/Apr15/MC_Pythia8_QCD_Pt-50to80_MuEnrichedPt5_PionKaonDecay_Tune4C_13TeV/BTAG_JET_TRACK_SEL.yoda/BTAG_JET_TRACK_SEL/U_MuonJetDr_AllJets
Rebin=2
Title=BTAG_JET_TRACK_SEL
XLabel=
YLabel=
# xlow	 xhigh	 val	 errminus	 errplus
0.000000e+00	1.000000e-02	5.934400e+06	2.436062e+04	2.436062e+04
1.000000e-02	2.000000e-02	1.628670e+07	4.035678e+04	4.035678e+04
2.000000e-02	3.000000e-02	2.345880e+07	4.843429e+04	4.843429e+04
3.000000e-02	4.000000e-02	2.729720e+07	5.224672e+04	5.224672e+04
4.000000e-02	5.000000e-02	2.867920e+07	5.355296e+04	5.355296e+04
5.000000e-02	6.000000e-02	2.816770e+07	5.307325e+04	5.307325e+04
6.000000e-02	7.000000e-02	2.654880e+07	5.152553e+04	5.152553e+04
7.000000e-02	8.000000e-02	2.443880e+07	4.943561e+04	4.943561e+04
8.000000e-02	9.000000e-02	2.218640e+07	4.710244e+04	4.710244e+04
9.000000e-02	1.000000e-01	1.995800e+07	4.467438e+04	4.467438e+04
1.000000e-01	1.100000e-01	1.768140e+07	4.204926e+04	4.204926e+04
1.100000e-01	1.200000e-01	1.568520e+07	3.960455e+04	3.960455e+04
1.200000e-01	1.300000e-01	1.396820e+07	3.737406e+04	3.737406e+04
1.300000e-01	1.400000e-01	1.237560e+07	3.517897e+04	3.517897e+04
1.400000e-01	1.500000e-01	1.109450e+07	3.330841e+04	3.330841e+04
1.500000e-01	1.600000e-01	9.890900e+06	3.144980e+04	3.144980e+04
1.600000e-01	1.700000e-01	8.837000e+06	2.972709e+04	2.972709e+04
1.700000e-01	1.800000e-01	7.989600e+06	2.826588e+04	2.826588e+04
1.800000e-01	1.900000e-01	7.279900e+06	2.698129e+04	2.698129e+04
1.900000e-01	2.000000e-01	6.497500e+06	2.549019e+04	2.549019e+04
2.000000e-01	2.100000e-01	5.898800e+06	2.428745e+04	2.428745e+04
2.100000e-01	2.200000e-01	5.358300e+06	2.314800e+04	2.314800e+04
2.200000e-01	2.300000e-01	4.878200e+06	2.208665e+04	2.208665e+04
2.300000e-01	2.400000e-01	4.457900e+06	2.111374e+04	2.111374e+04
2.400000e-01	2.500000e-01	4.115400e+06	2.028645e+04	2.028645e+04
2.500000e-01	2.600000e-01	3.693000e+06	1.921718e+04	1.921718e+04
2.600000e-01	2.700000e-01	3.424600e+06	1.850567e+04	1.850567e+04
2.700000e-01	2.800000e-01	3.157800e+06	1.777020e+04	1.777020e+04
2.800000e-01	2.900000e-01	2.926000e+06	1.710555e+04	1.710555e+04
2.900000e-01	3.000000e-01	2.689400e+06	1.639939e+04	1.639939e+04
3.000000e-01	3.100000e-01	0.000000e+00	0.000000e+00	0.000000e+00
3.100000e-01	3.200000e-01	0.000000e+00	0.000000e+00	0.000000e+00
3.200000e-01	3.300000e-01	0.000000e+00	0.000000e+00	0.000000e+00
3.300000e-01	3.400000e-01	0.000000e+00	0.000000e+00	0.000000e+00
3.400000e-01	3.500000e-01	0.000000e+00	0.000000e+00	0.000000e+00
3.500000e-01	3.600000e-01	0.000000e+00	0.000000e+00	0.000000e+00
3.600000e-01	3.700000e-01	0.000000e+00	0.000000e+00	0.000000e+00
3.700000e-01	3.800000e-01	0.000000e+00	0.000000e+00	0.000000e+00
3.800000e-01	3.900000e-01	0.000000e+00	0.000000e+00	0.000000e+00
3.900000e-01	4.000000e-01	0.000000e+00	0.000000e+00	0.000000e+00
4.000000e-01	4.100000e-01	0.000000e+00	0.000000e+00	0.000000e+00
4.100000e-01	4.200000e-01	0.000000e+00	0.000000e+00	0.000000e+00
4.200000e-01	4.300000e-01	0.000000e+00	0.000000e+00	0.000000e+00
4.300000e-01	4.400000e-01	0.000000e+00	0.000000e+00	0.000000e+00
4.400000e-01	4.500000e-01	0.000000e+00	0.000000e+00	0.000000e+00
4.500000e-01	4.600000e-01	0.000000e+00	0.000000e+00	0.000000e+00
4.600000e-01	4.700000e-01	0.000000e+00	0.000000e+00	0.000000e+00
4.700000e-01	4.800000e-01	0.000000e+00	0.000000e+00	0.000000e+00
4.800000e-01	4.900000e-01	0.000000e+00	0.000000e+00	0.000000e+00
4.900000e-01	5.000000e-01	0.000000e+00	0.000000e+00	0.000000e+00
5.000000e-01	5.100000e-01	0.000000e+00	0.000000e+00	0.000000e+00
5.100000e-01	5.200000e-01	0.000000e+00	0.000000e+00	0.000000e+00
5.200000e-01	5.300000e-01	0.000000e+00	0.000000e+00	0.000000e+00
5.300000e-01	5.400000e-01	0.000000e+00	0.000000e+00	0.000000e+00
5.400000e-01	5.500000e-01	0.000000e+00	0.000000e+00	0.000000e+00
5.500000e-01	5.600000e-01	0.000000e+00	0.000000e+00	0.000000e+00
5.600000e-01	5.700000e-01	0.000000e+00	0.000000e+00	0.000000e+00
5.700000e-01	5.800000e-01	0.000000e+00	0.000000e+00	0.000000e+00
5.800000e-01	5.900000e-01	0.000000e+00	0.000000e+00	0.000000e+00
5.900000e-01	6.000000e-01	0.000000e+00	0.000000e+00	0.000000e+00
6.000000e-01	6.100000e-01	0.000000e+00	0.000000e+00	0.000000e+00
6.100000e-01	6.200000e-01	0.000000e+00	0.000000e+00	0.000000e+00
6.200000e-01	6.300000e-01	0.000000e+00	0.000000e+00	0.000000e+00
6.300000e-01	6.400000e-01	0.000000e+00	0.000000e+00	0.000000e+00
6.400000e-01	6.500000e-01	0.000000e+00	0.000000e+00	0.000000e+00
6.500000e-01	6.600000e-01	0.000000e+00	0.000000e+00	0.000000e+00
6.600000e-01	6.700000e-01	0.000000e+00	0.000000e+00	0.000000e+00
6.700000e-01	6.800000e-01	0.000000e+00	0.000000e+00	0.000000e+00
6.800000e-01	6.900000e-01	0.000000e+00	0.000000e+00	0.000000e+00
6.900000e-01	7.000000e-01	0.000000e+00	0.000000e+00	0.000000e+00
# END HISTOGRAM

