# BEGIN PLOT
DrawOnly=/nfs/dust/cms/user/shwillia/BTV/Apr15/MC_Pythia6_QCD_Pt-50to80_MuEnrichedPt5_TuneZ2star_13TeV/BTAG_JET_TRACK_SEL.yoda/BTAG_JET_TRACK_SEL/U_MuonJetDr_BottomJets /nfs/dust/cms/user/shwillia/BTV/Apr15/MC_Pythia8_QCD_Pt-50to80_MuEnrichedPt5_Tune4C_13TeV/BTAG_JET_TRACK_SEL.yoda/BTAG_JET_TRACK_SEL/U_MuonJetDr_BottomJets /nfs/dust/cms/user/shwillia/BTV/Apr15/MC_Pythia8_QCD_Pt-50to80_MuEnrichedPt5_PionKaonDecay_Tune4C_13TeV/BTAG_JET_TRACK_SEL.yoda/BTAG_JET_TRACK_SEL/U_MuonJetDr_BottomJets
RatioPlotReference=/nfs/dust/cms/user/shwillia/BTV/Apr15/MC_Pythia6_QCD_Pt-50to80_MuEnrichedPt5_TuneZ2star_13TeV/BTAG_JET_TRACK_SEL.yoda/BTAG_JET_TRACK_SEL/U_MuonJetDr_BottomJets
RatioPlot=1
Legend=1
XLabel=$\Delta R(Muon,Jet)$
YLabel=Normalized to Unity
LogY=1
NormalizeToSum=1
# END PLOT

# BEGIN HISTOGRAM /nfs/dust/cms/user/shwillia/BTV/Apr15/MC_Pythia6_QCD_Pt-50to80_MuEnrichedPt5_TuneZ2star_13TeV/BTAG_JET_TRACK_SEL.yoda/BTAG_JET_TRACK_SEL/U_MuonJetDr_BottomJets
LineColor={[HTML]{EE3311}}
LineStyle=solid
Path=/nfs/dust/cms/user/shwillia/BTV/Apr15/MC_Pythia6_QCD_Pt-50to80_MuEnrichedPt5_TuneZ2star_13TeV/BTAG_JET_TRACK_SEL.yoda/BTAG_JET_TRACK_SEL/U_MuonJetDr_BottomJets
Rebin=2
Title=BTAG_JET_TRACK_SEL
XLabel=
YLabel=
# xlow	 xhigh	 val	 errminus	 errplus
0.000000e+00	1.000000e-02	1.732000e+05	4.161730e+03	4.161730e+03
1.000000e-02	2.000000e-02	4.955000e+05	7.039176e+03	7.039176e+03
2.000000e-02	3.000000e-02	7.653000e+05	8.748143e+03	8.748143e+03
3.000000e-02	4.000000e-02	9.559000e+05	9.777014e+03	9.777014e+03
4.000000e-02	5.000000e-02	1.091300e+06	1.044653e+04	1.044653e+04
5.000000e-02	6.000000e-02	1.115700e+06	1.056267e+04	1.056267e+04
6.000000e-02	7.000000e-02	1.157900e+06	1.076058e+04	1.076058e+04
7.000000e-02	8.000000e-02	1.105700e+06	1.051523e+04	1.051523e+04
8.000000e-02	9.000000e-02	1.048100e+06	1.023768e+04	1.023768e+04
9.000000e-02	1.000000e-01	9.929000e+05	9.964437e+03	9.964437e+03
1.000000e-01	1.100000e-01	9.318000e+05	9.652979e+03	9.652979e+03
1.100000e-01	1.200000e-01	8.418000e+05	9.174966e+03	9.174966e+03
1.200000e-01	1.300000e-01	7.962000e+05	8.923004e+03	8.923004e+03
1.300000e-01	1.400000e-01	7.180000e+05	8.473488e+03	8.473488e+03
1.400000e-01	1.500000e-01	6.537000e+05	8.085172e+03	8.085172e+03
1.500000e-01	1.600000e-01	5.900000e+05	7.681146e+03	7.681146e+03
1.600000e-01	1.700000e-01	5.311000e+05	7.287661e+03	7.287661e+03
1.700000e-01	1.800000e-01	4.926000e+05	7.018547e+03	7.018547e+03
1.800000e-01	1.900000e-01	4.380000e+05	6.618157e+03	6.618157e+03
1.900000e-01	2.000000e-01	4.047000e+05	6.361604e+03	6.361604e+03
2.000000e-01	2.100000e-01	3.561000e+05	5.967411e+03	5.967411e+03
2.100000e-01	2.200000e-01	3.194000e+05	5.651548e+03	5.651548e+03
2.200000e-01	2.300000e-01	2.854000e+05	5.342284e+03	5.342284e+03
2.300000e-01	2.400000e-01	2.610000e+05	5.108816e+03	5.108816e+03
2.400000e-01	2.500000e-01	2.364000e+05	4.862098e+03	4.862098e+03
2.500000e-01	2.600000e-01	2.108000e+05	4.591296e+03	4.591296e+03
2.600000e-01	2.700000e-01	1.918000e+05	4.379498e+03	4.379498e+03
2.700000e-01	2.800000e-01	1.734000e+05	4.164133e+03	4.164133e+03
2.800000e-01	2.900000e-01	1.556000e+05	3.944617e+03	3.944617e+03
2.900000e-01	3.000000e-01	1.371000e+05	3.702702e+03	3.702702e+03
3.000000e-01	3.100000e-01	0.000000e+00	0.000000e+00	0.000000e+00
3.100000e-01	3.200000e-01	0.000000e+00	0.000000e+00	0.000000e+00
3.200000e-01	3.300000e-01	0.000000e+00	0.000000e+00	0.000000e+00
3.300000e-01	3.400000e-01	0.000000e+00	0.000000e+00	0.000000e+00
3.400000e-01	3.500000e-01	0.000000e+00	0.000000e+00	0.000000e+00
3.500000e-01	3.600000e-01	0.000000e+00	0.000000e+00	0.000000e+00
3.600000e-01	3.700000e-01	0.000000e+00	0.000000e+00	0.000000e+00
3.700000e-01	3.800000e-01	0.000000e+00	0.000000e+00	0.000000e+00
3.800000e-01	3.900000e-01	0.000000e+00	0.000000e+00	0.000000e+00
3.900000e-01	4.000000e-01	0.000000e+00	0.000000e+00	0.000000e+00
4.000000e-01	4.100000e-01	0.000000e+00	0.000000e+00	0.000000e+00
4.100000e-01	4.200000e-01	0.000000e+00	0.000000e+00	0.000000e+00
4.200000e-01	4.300000e-01	0.000000e+00	0.000000e+00	0.000000e+00
4.300000e-01	4.400000e-01	0.000000e+00	0.000000e+00	0.000000e+00
4.400000e-01	4.500000e-01	0.000000e+00	0.000000e+00	0.000000e+00
4.500000e-01	4.600000e-01	0.000000e+00	0.000000e+00	0.000000e+00
4.600000e-01	4.700000e-01	0.000000e+00	0.000000e+00	0.000000e+00
4.700000e-01	4.800000e-01	0.000000e+00	0.000000e+00	0.000000e+00
4.800000e-01	4.900000e-01	0.000000e+00	0.000000e+00	0.000000e+00
4.900000e-01	5.000000e-01	0.000000e+00	0.000000e+00	0.000000e+00
5.000000e-01	5.100000e-01	0.000000e+00	0.000000e+00	0.000000e+00
5.100000e-01	5.200000e-01	0.000000e+00	0.000000e+00	0.000000e+00
5.200000e-01	5.300000e-01	0.000000e+00	0.000000e+00	0.000000e+00
5.300000e-01	5.400000e-01	0.000000e+00	0.000000e+00	0.000000e+00
5.400000e-01	5.500000e-01	0.000000e+00	0.000000e+00	0.000000e+00
5.500000e-01	5.600000e-01	0.000000e+00	0.000000e+00	0.000000e+00
5.600000e-01	5.700000e-01	0.000000e+00	0.000000e+00	0.000000e+00
5.700000e-01	5.800000e-01	0.000000e+00	0.000000e+00	0.000000e+00
5.800000e-01	5.900000e-01	0.000000e+00	0.000000e+00	0.000000e+00
5.900000e-01	6.000000e-01	0.000000e+00	0.000000e+00	0.000000e+00
6.000000e-01	6.100000e-01	0.000000e+00	0.000000e+00	0.000000e+00
6.100000e-01	6.200000e-01	0.000000e+00	0.000000e+00	0.000000e+00
6.200000e-01	6.300000e-01	0.000000e+00	0.000000e+00	0.000000e+00
6.300000e-01	6.400000e-01	0.000000e+00	0.000000e+00	0.000000e+00
6.400000e-01	6.500000e-01	0.000000e+00	0.000000e+00	0.000000e+00
6.500000e-01	6.600000e-01	0.000000e+00	0.000000e+00	0.000000e+00
6.600000e-01	6.700000e-01	0.000000e+00	0.000000e+00	0.000000e+00
6.700000e-01	6.800000e-01	0.000000e+00	0.000000e+00	0.000000e+00
6.800000e-01	6.900000e-01	0.000000e+00	0.000000e+00	0.000000e+00
6.900000e-01	7.000000e-01	0.000000e+00	0.000000e+00	0.000000e+00
# END HISTOGRAM

# BEGIN HISTOGRAM /nfs/dust/cms/user/shwillia/BTV/Apr15/MC_Pythia8_QCD_Pt-50to80_MuEnrichedPt5_Tune4C_13TeV/BTAG_JET_TRACK_SEL.yoda/BTAG_JET_TRACK_SEL/U_MuonJetDr_BottomJets
LineColor={[HTML]{3366FF}}
LineStyle=solid
Path=/nfs/dust/cms/user/shwillia/BTV/Apr15/MC_Pythia8_QCD_Pt-50to80_MuEnrichedPt5_Tune4C_13TeV/BTAG_JET_TRACK_SEL.yoda/BTAG_JET_TRACK_SEL/U_MuonJetDr_BottomJets
Rebin=2
Title=BTAG_JET_TRACK_SEL
XLabel=
YLabel=
# xlow	 xhigh	 val	 errminus	 errplus
0.000000e+00	1.000000e-02	8.556000e+05	9.249865e+03	9.249865e+03
1.000000e-02	2.000000e-02	2.395800e+06	1.547837e+04	1.547837e+04
2.000000e-02	3.000000e-02	3.681500e+06	1.918724e+04	1.918724e+04
3.000000e-02	4.000000e-02	4.574800e+06	2.138878e+04	2.138878e+04
4.000000e-02	5.000000e-02	5.051100e+06	2.247465e+04	2.247465e+04
5.000000e-02	6.000000e-02	5.327900e+06	2.308224e+04	2.308224e+04
6.000000e-02	7.000000e-02	5.350500e+06	2.313115e+04	2.313115e+04
7.000000e-02	8.000000e-02	5.116000e+06	2.261858e+04	2.261858e+04
8.000000e-02	9.000000e-02	4.854500e+06	2.203293e+04	2.203293e+04
9.000000e-02	1.000000e-01	4.568500e+06	2.137405e+04	2.137405e+04
1.000000e-01	1.100000e-01	4.209700e+06	2.051755e+04	2.051755e+04
1.100000e-01	1.200000e-01	3.851500e+06	1.962524e+04	1.962524e+04
1.200000e-01	1.300000e-01	3.482100e+06	1.866039e+04	1.866039e+04
1.300000e-01	1.400000e-01	3.179000e+06	1.782975e+04	1.782975e+04
1.400000e-01	1.500000e-01	2.862600e+06	1.691922e+04	1.691922e+04
1.500000e-01	1.600000e-01	2.564900e+06	1.601531e+04	1.601531e+04
1.600000e-01	1.700000e-01	2.330000e+06	1.526434e+04	1.526434e+04
1.700000e-01	1.800000e-01	2.081500e+06	1.442740e+04	1.442740e+04
1.800000e-01	1.900000e-01	1.890000e+06	1.374773e+04	1.374773e+04
1.900000e-01	2.000000e-01	1.689200e+06	1.299692e+04	1.299692e+04
2.000000e-01	2.100000e-01	1.509300e+06	1.228536e+04	1.228536e+04
2.100000e-01	2.200000e-01	1.377400e+06	1.173627e+04	1.173627e+04
2.200000e-01	2.300000e-01	1.197300e+06	1.094212e+04	1.094212e+04
2.300000e-01	2.400000e-01	1.081600e+06	1.040000e+04	1.040000e+04
2.400000e-01	2.500000e-01	9.580000e+05	9.787747e+03	9.787747e+03
2.500000e-01	2.600000e-01	8.758000e+05	9.358419e+03	9.358419e+03
2.600000e-01	2.700000e-01	7.696000e+05	8.772685e+03	8.772685e+03
2.700000e-01	2.800000e-01	6.800000e+05	8.246211e+03	8.246211e+03
2.800000e-01	2.900000e-01	6.235000e+05	7.896202e+03	7.896202e+03
2.900000e-01	3.000000e-01	5.486000e+05	7.406754e+03	7.406754e+03
3.000000e-01	3.100000e-01	0.000000e+00	0.000000e+00	0.000000e+00
3.100000e-01	3.200000e-01	0.000000e+00	0.000000e+00	0.000000e+00
3.200000e-01	3.300000e-01	0.000000e+00	0.000000e+00	0.000000e+00
3.300000e-01	3.400000e-01	0.000000e+00	0.000000e+00	0.000000e+00
3.400000e-01	3.500000e-01	0.000000e+00	0.000000e+00	0.000000e+00
3.500000e-01	3.600000e-01	0.000000e+00	0.000000e+00	0.000000e+00
3.600000e-01	3.700000e-01	0.000000e+00	0.000000e+00	0.000000e+00
3.700000e-01	3.800000e-01	0.000000e+00	0.000000e+00	0.000000e+00
3.800000e-01	3.900000e-01	0.000000e+00	0.000000e+00	0.000000e+00
3.900000e-01	4.000000e-01	0.000000e+00	0.000000e+00	0.000000e+00
4.000000e-01	4.100000e-01	0.000000e+00	0.000000e+00	0.000000e+00
4.100000e-01	4.200000e-01	0.000000e+00	0.000000e+00	0.000000e+00
4.200000e-01	4.300000e-01	0.000000e+00	0.000000e+00	0.000000e+00
4.300000e-01	4.400000e-01	0.000000e+00	0.000000e+00	0.000000e+00
4.400000e-01	4.500000e-01	0.000000e+00	0.000000e+00	0.000000e+00
4.500000e-01	4.600000e-01	0.000000e+00	0.000000e+00	0.000000e+00
4.600000e-01	4.700000e-01	0.000000e+00	0.000000e+00	0.000000e+00
4.700000e-01	4.800000e-01	0.000000e+00	0.000000e+00	0.000000e+00
4.800000e-01	4.900000e-01	0.000000e+00	0.000000e+00	0.000000e+00
4.900000e-01	5.000000e-01	0.000000e+00	0.000000e+00	0.000000e+00
5.000000e-01	5.100000e-01	0.000000e+00	0.000000e+00	0.000000e+00
5.100000e-01	5.200000e-01	0.000000e+00	0.000000e+00	0.000000e+00
5.200000e-01	5.300000e-01	0.000000e+00	0.000000e+00	0.000000e+00
5.300000e-01	5.400000e-01	0.000000e+00	0.000000e+00	0.000000e+00
5.400000e-01	5.500000e-01	0.000000e+00	0.000000e+00	0.000000e+00
5.500000e-01	5.600000e-01	0.000000e+00	0.000000e+00	0.000000e+00
5.600000e-01	5.700000e-01	0.000000e+00	0.000000e+00	0.000000e+00
5.700000e-01	5.800000e-01	0.000000e+00	0.000000e+00	0.000000e+00
5.800000e-01	5.900000e-01	0.000000e+00	0.000000e+00	0.000000e+00
5.900000e-01	6.000000e-01	0.000000e+00	0.000000e+00	0.000000e+00
6.000000e-01	6.100000e-01	0.000000e+00	0.000000e+00	0.000000e+00
6.100000e-01	6.200000e-01	0.000000e+00	0.000000e+00	0.000000e+00
6.200000e-01	6.300000e-01	0.000000e+00	0.000000e+00	0.000000e+00
6.300000e-01	6.400000e-01	0.000000e+00	0.000000e+00	0.000000e+00
6.400000e-01	6.500000e-01	0.000000e+00	0.000000e+00	0.000000e+00
6.500000e-01	6.600000e-01	0.000000e+00	0.000000e+00	0.000000e+00
6.600000e-01	6.700000e-01	0.000000e+00	0.000000e+00	0.000000e+00
6.700000e-01	6.800000e-01	0.000000e+00	0.000000e+00	0.000000e+00
6.800000e-01	6.900000e-01	0.000000e+00	0.000000e+00	0.000000e+00
6.900000e-01	7.000000e-01	0.000000e+00	0.000000e+00	0.000000e+00
# END HISTOGRAM

# BEGIN HISTOGRAM /nfs/dust/cms/user/shwillia/BTV/Apr15/MC_Pythia8_QCD_Pt-50to80_MuEnrichedPt5_PionKaonDecay_Tune4C_13TeV/BTAG_JET_TRACK_SEL.yoda/BTAG_JET_TRACK_SEL/U_MuonJetDr_BottomJets
LineColor={[HTML]{109618}}
LineStyle=solid
Path=/nfs/dust/cms/user/shwillia/BTV/Apr15/MC_Pythia8_QCD_Pt-50to80_MuEnrichedPt5_PionKaonDecay_Tune4C_13TeV/BTAG_JET_TRACK_SEL.yoda/BTAG_JET_TRACK_SEL/U_MuonJetDr_BottomJets
Rebin=2
Title=BTAG_JET_TRACK_SEL
XLabel=
YLabel=
# xlow	 xhigh	 val	 errminus	 errplus
0.000000e+00	1.000000e-02	1.307400e+06	1.143416e+04	1.143416e+04
1.000000e-02	2.000000e-02	3.765600e+06	1.940515e+04	1.940515e+04
2.000000e-02	3.000000e-02	5.756000e+06	2.399167e+04	2.399167e+04
3.000000e-02	4.000000e-02	7.127000e+06	2.669644e+04	2.669644e+04
4.000000e-02	5.000000e-02	7.966400e+06	2.822481e+04	2.822481e+04
5.000000e-02	6.000000e-02	8.316400e+06	2.883817e+04	2.883817e+04
6.000000e-02	7.000000e-02	8.297200e+06	2.880486e+04	2.880486e+04
7.000000e-02	8.000000e-02	8.022200e+06	2.832349e+04	2.832349e+04
8.000000e-02	9.000000e-02	7.631400e+06	2.762499e+04	2.762499e+04
9.000000e-02	1.000000e-01	7.153100e+06	2.674528e+04	2.674528e+04
1.000000e-01	1.100000e-01	6.604300e+06	2.569883e+04	2.569883e+04
1.100000e-01	1.200000e-01	6.051500e+06	2.459980e+04	2.459980e+04
1.200000e-01	1.300000e-01	5.535900e+06	2.352849e+04	2.352849e+04
1.300000e-01	1.400000e-01	5.053100e+06	2.247910e+04	2.247910e+04
1.400000e-01	1.500000e-01	4.590100e+06	2.142452e+04	2.142452e+04
1.500000e-01	1.600000e-01	4.112000e+06	2.027807e+04	2.027807e+04
1.600000e-01	1.700000e-01	3.746000e+06	1.935459e+04	1.935459e+04
1.700000e-01	1.800000e-01	3.381200e+06	1.838804e+04	1.838804e+04
1.800000e-01	1.900000e-01	3.110600e+06	1.763689e+04	1.763689e+04
1.900000e-01	2.000000e-01	2.754800e+06	1.659759e+04	1.659759e+04
2.000000e-01	2.100000e-01	2.508800e+06	1.583919e+04	1.583919e+04
2.100000e-01	2.200000e-01	2.257400e+06	1.502465e+04	1.502465e+04
2.200000e-01	2.300000e-01	2.013200e+06	1.418873e+04	1.418873e+04
2.300000e-01	2.400000e-01	1.833500e+06	1.354068e+04	1.354068e+04
2.400000e-01	2.500000e-01	1.676900e+06	1.294952e+04	1.294952e+04
2.500000e-01	2.600000e-01	1.502300e+06	1.225683e+04	1.225683e+04
2.600000e-01	2.700000e-01	1.336200e+06	1.155941e+04	1.155941e+04
2.700000e-01	2.800000e-01	1.237600e+06	1.112475e+04	1.112475e+04
2.800000e-01	2.900000e-01	1.108900e+06	1.053043e+04	1.053043e+04
2.900000e-01	3.000000e-01	1.017200e+06	1.008563e+04	1.008563e+04
3.000000e-01	3.100000e-01	0.000000e+00	0.000000e+00	0.000000e+00
3.100000e-01	3.200000e-01	0.000000e+00	0.000000e+00	0.000000e+00
3.200000e-01	3.300000e-01	0.000000e+00	0.000000e+00	0.000000e+00
3.300000e-01	3.400000e-01	0.000000e+00	0.000000e+00	0.000000e+00
3.400000e-01	3.500000e-01	0.000000e+00	0.000000e+00	0.000000e+00
3.500000e-01	3.600000e-01	0.000000e+00	0.000000e+00	0.000000e+00
3.600000e-01	3.700000e-01	0.000000e+00	0.000000e+00	0.000000e+00
3.700000e-01	3.800000e-01	0.000000e+00	0.000000e+00	0.000000e+00
3.800000e-01	3.900000e-01	0.000000e+00	0.000000e+00	0.000000e+00
3.900000e-01	4.000000e-01	0.000000e+00	0.000000e+00	0.000000e+00
4.000000e-01	4.100000e-01	0.000000e+00	0.000000e+00	0.000000e+00
4.100000e-01	4.200000e-01	0.000000e+00	0.000000e+00	0.000000e+00
4.200000e-01	4.300000e-01	0.000000e+00	0.000000e+00	0.000000e+00
4.300000e-01	4.400000e-01	0.000000e+00	0.000000e+00	0.000000e+00
4.400000e-01	4.500000e-01	0.000000e+00	0.000000e+00	0.000000e+00
4.500000e-01	4.600000e-01	0.000000e+00	0.000000e+00	0.000000e+00
4.600000e-01	4.700000e-01	0.000000e+00	0.000000e+00	0.000000e+00
4.700000e-01	4.800000e-01	0.000000e+00	0.000000e+00	0.000000e+00
4.800000e-01	4.900000e-01	0.000000e+00	0.000000e+00	0.000000e+00
4.900000e-01	5.000000e-01	0.000000e+00	0.000000e+00	0.000000e+00
5.000000e-01	5.100000e-01	0.000000e+00	0.000000e+00	0.000000e+00
5.100000e-01	5.200000e-01	0.000000e+00	0.000000e+00	0.000000e+00
5.200000e-01	5.300000e-01	0.000000e+00	0.000000e+00	0.000000e+00
5.300000e-01	5.400000e-01	0.000000e+00	0.000000e+00	0.000000e+00
5.400000e-01	5.500000e-01	0.000000e+00	0.000000e+00	0.000000e+00
5.500000e-01	5.600000e-01	0.000000e+00	0.000000e+00	0.000000e+00
5.600000e-01	5.700000e-01	0.000000e+00	0.000000e+00	0.000000e+00
5.700000e-01	5.800000e-01	0.000000e+00	0.000000e+00	0.000000e+00
5.800000e-01	5.900000e-01	0.000000e+00	0.000000e+00	0.000000e+00
5.900000e-01	6.000000e-01	0.000000e+00	0.000000e+00	0.000000e+00
6.000000e-01	6.100000e-01	0.000000e+00	0.000000e+00	0.000000e+00
6.100000e-01	6.200000e-01	0.000000e+00	0.000000e+00	0.000000e+00
6.200000e-01	6.300000e-01	0.000000e+00	0.000000e+00	0.000000e+00
6.300000e-01	6.400000e-01	0.000000e+00	0.000000e+00	0.000000e+00
6.400000e-01	6.500000e-01	0.000000e+00	0.000000e+00	0.000000e+00
6.500000e-01	6.600000e-01	0.000000e+00	0.000000e+00	0.000000e+00
6.600000e-01	6.700000e-01	0.000000e+00	0.000000e+00	0.000000e+00
6.700000e-01	6.800000e-01	0.000000e+00	0.000000e+00	0.000000e+00
6.800000e-01	6.900000e-01	0.000000e+00	0.000000e+00	0.000000e+00
6.900000e-01	7.000000e-01	0.000000e+00	0.000000e+00	0.000000e+00
# END HISTOGRAM

